2 0.26713020833333334 0.6419305555555556 0.025002604166666696 0.11322685185185193
1 0.1606796875 0.5280555555555555 0.027669270833333332 0.07653703703703711
0 0.153265625 0.52825 0.006330729166666652 0.012657407407407475
1 0.23894010416666667 0.4986481481481481 0.025770833333333344 0.06784259259259258
1 0.19227604166666667 0.46668055555555554 0.017794270833333313 0.06713888888888889
1 0.34812760416666666 0.47307870370370375 0.03140104166666665 0.06625000000000002
1 0.26958333333333334 0.4355277777777778 0.014317708333333339 0.06617592592592596
1 0.2714479166666666 0.49776851851851855 0.02273437500000002 0.0816203703703704
1 0.20088020833333334 0.4907361111111111 0.018588541666666635 0.07707870370370376
1 0.22916145833333335 0.4522175925925926 0.01519791666666664 0.06851851851851852
1 0.16393229166666667 0.508337962962963 0.021309895833333314 0.08728240740740745
1 0.16451822916666667 0.4942731481481482 0.023486979166666682 0.07522222222222223
2 0.19114583333333332 0.4431527777777778 0.012098958333333344 0.0658148148148148
