2 0.2661145833333333 0.6416203703703705 0.02296614583333332 0.11384722222222216
1 0.35188020833333333 0.4711296296296297 0.024143229166666676 0.07385185185185189
1 0.27422916666666663 0.43680555555555556 0.011710937499999947 0.06373148148148151
1 0.23215885416666668 0.5084120370370371 0.023057291666666656 0.07323148148148145
1 0.1668984375 0.5252592592592592 0.020661458333333313 0.08052777777777781
0 0.16852604166666665 0.5215092592592593 0.006554687500000019 0.013273148148148181
1 0.202546875 0.46481944444444445 0.020346354166666695 0.06637499999999995
1 0.2746588541666667 0.4975787037037037 0.01989322916666666 0.08364351851851855
1 0.2296953125 0.4539212962962963 0.018942708333333336 0.06968518518518518
1 0.200828125 0.48876851851851855 0.016546874999999992 0.08920833333333336
1 0.16651302083333333 0.4925555555555556 0.017361979166666687 0.07681018518518518
1 0.1659921875 0.5057361111111112 0.020661458333333313 0.09224537037037037
2 0.1891640625 0.44463888888888886 0.01455729166666669 0.0665462962962963
