2 0.268953125 0.6327777777777778 0.02971874999999997 0.10875925925925929
1 0.3238723958333333 0.5397777777777778 0.02485416666666668 0.09578240740740734
1 0.33769010416666667 0.4507962962962963 0.0205078125 0.07353703703703705
1 0.21498958333333332 0.5759305555555555 0.02224739583333335 0.09578240740740734
1 0.185703125 0.5091898148148147 0.011992187499999989 0.08465740740740747
1 0.22689322916666665 0.48987962962962966 0.02380989583333335 0.08373148148148155
1 0.2690390625 0.5314351851851852 0.030242187500000028 0.09516203703703711
1 0.26026302083333336 0.4628425925925926 0.014078125000000016 0.07353703703703705
1 0.22602343749999998 0.5196944444444445 0.026937500000000014 0.08218518518518518
1 0.23141145833333335 0.4996111111111112 0.02450520833333331 0.09825462962962964
0 0.23740885416666666 0.42283333333333334 0.0062578124999999925 0.010814814814814768
2 0.1757109375 0.45311111111111113 0.009731770833333304 0.06704629629629633
1 0.1743203125 0.5042453703703704 0.010427083333333325 0.08404166666666671
