2 0.2666328125 0.641949074074074 0.02482812499999998 0.1133148148148147
1 0.3419921875 0.47130555555555553 0.026502604166666662 0.06979629629629634
1 0.26510416666666664 0.4325277777777778 0.014067708333333328 0.0654814814814815
1 0.24404427083333333 0.494125 0.026877604166666676 0.0725416666666667
1 0.1539453125 0.5259675925925925 0.02026302083333332 0.07434722222222229
0 0.153359375 0.558513888888889 0.006028645833333357 0.011495370370370336
1 0.18409114583333333 0.4666157407407408 0.016580729166666686 0.0657777777777778
1 0.26219531250000006 0.49594907407407407 0.015700520833333353 0.0875
1 0.22838541666666667 0.4514768518518519 0.013398437500000011 0.07000925925925922
1 0.20284635416666666 0.4926990740740741 0.02093489583333336 0.0768796296296296
1 0.15708593750000002 0.5080277777777777 0.014486979166666695 0.09980555555555552
1 0.15905468749999999 0.49883796296296296 0.02478645833333335 0.08320833333333334
2 0.19145833333333334 0.44260648148148146 0.010216145833333337 0.06541203703703702
