2 0.28788541666666667 0.6200555555555555 0.028513020833333277 0.14873148148148138
2 0.18961197916666667 0.4352083333333333 0.013643229166666692 0.08226851851851849
1 0.16629427083333334 0.47000462962962963 0.01729687500000002 0.07387037037037035
0 0.1609453125 0.44567129629629626 0.004992187500000019 0.009671296296296343
1 0.1702630208333333 0.47602777777777777 0.029692708333333328 0.09447685185185188
1 0.18421614583333332 0.5336481481481482 0.02532291666666667 0.09082870370370373
1 0.207890625 0.4875185185185185 0.01845833333333336 0.07878240740740744
1 0.22541145833333334 0.48783796296296295 0.02799739583333333 0.07275925925925925
1 0.22911197916666665 0.4476527777777777 0.013999999999999997 0.05833333333333328
1 0.25465885416666667 0.492037037037037 0.029781249999999974 0.06974537037037042
1 0.2429765625 0.481337962962963 0.016585937500000016 0.07054166666666661
1 0.2542109375 0.4511388888888889 0.017833333333333336 0.06625925925925921
1 0.22523177083333332 0.5416527777777778 0.02532291666666667 0.09701388888888897
