2 0.27183593749999996 0.624625 0.02724479166666664 0.14903703703703708
1 0.2642838541666667 0.5123333333333334 0.02912760416666667 0.10225462962962958
1 0.2403046875 0.48738888888888887 0.022195312500000005 0.08092129629629628
1 0.23573697916666667 0.4376157407407407 0.010497395833333319 0.06793055555555556
1 0.17634114583333332 0.515925925925926 0.019270833333333334 0.08153703703703699
1 0.1646041666666667 0.4838703703703704 0.017348958333333366 0.06017592592592593
0 0.15166145833333333 0.5023981481481482 0.005567708333333362 0.011726851851851818
1 0.162078125 0.4896296296296296 0.0328125 0.0750185185185185
1 0.2148828125 0.5262268518518519 0.017747395833333356 0.09298148148148155
1 0.22189583333333335 0.5094907407407407 0.03497656249999999 0.07089814814814809
1 0.21416145833333333 0.48094907407407406 0.019968750000000018 0.07275925925925925
1 0.228109375 0.44812962962962966 0.01066927083333334 0.0635740740740741
2 0.18876302083333335 0.43587037037037035 0.014976562499999997 0.07939351851851847
