1 0.16153125 0.4671018518518519 0.016132812500000013 0.07080555555555558
0 0.1673125 0.44819444444444445 0.005424479166666648 0.012689814814814853
1 0.164671875 0.47674537037037035 0.03526041666666669 0.07943518518518515
1 0.17502083333333335 0.5075833333333334 0.02712500000000002 0.09491666666666666
1 0.181015625 0.516337962962963 0.013705729166666696 0.09517129629629632
1 0.21649218750000002 0.5325787037037036 0.03354687499999998 0.08705092592592602
1 0.21998958333333332 0.5365138888888888 0.028835937500000006 0.10100925925925919
1 0.23904687500000002 0.4781435185185185 0.01727343749999998 0.07258333333333337
1 0.2662421875 0.476875 0.02598177083333336 0.0791805555555556
1 0.2880234375 0.4862361111111111 0.014755208333333296 0.07715277777777782
1 0.30490104166666665 0.47835185185185186 0.024786458333333292 0.07029629629629632
2 0.33079427083333335 0.610712962962963 0.026039062499999942 0.1426481481481481
2 0.18941145833333334 0.4353148148148148 0.014658854166666657 0.08161111111111115
