1 0.39881770833333335 0.5346157407407407 0.016335937500000005 0.10411111111111117
2 0.2523255208333333 0.6470694444444445 0.02398177083333331 0.11276388888888897
1 0.35459114583333334 0.4697407407407408 0.017552083333333357 0.07816203703703706
1 0.3097578125 0.43560185185185185 0.012338541666666696 0.06796759259259257
1 0.29533333333333334 0.504337962962963 0.02346093750000004 0.09051851851851851
1 0.2957682291666667 0.4930648148148148 0.025023437500000037 0.08156018518518522
1 0.18837500000000001 0.5074305555555555 0.01876822916666665 0.08001388888888886
1 0.22929947916666665 0.45506481481481487 0.011989583333333324 0.06734722222222218
1 0.17108333333333334 0.5031064814814815 0.02033072916666665 0.0855740740740741
1 0.1955 0.4893564814814815 0.013554687499999989 0.0889722222222222
1 0.18203125 0.4916759259259259 0.018247395833333315 0.09855092592592588
2 0.17169270833333333 0.4538287037037037 0.014250000000000007 0.06487500000000004
0 0.16717447916666667 0.416912037037037 0.006255208333333329 0.011430555555555581
