2 0.2706875 0.6421157407407407 0.03535937500000002 0.11268981481481474
1 0.31796875 0.4838564814814815 0.022848958333333277 0.07673148148148143
1 0.2578203125 0.4317962962962963 0.01701041666666665 0.06232870370370365
1 0.15231770833333333 0.517087962962963 0.025838541666666673 0.09291666666666663
1 0.17287760416666667 0.4696388888888889 0.012468750000000028 0.06673148148148153
1 0.24938802083333333 0.48581018518518515 0.020541666666666635 0.08115277777777775
1 0.24950520833333334 0.506462962962963 0.02537760416666668 0.08547222222222217
1 0.20920833333333333 0.48778703703703696 0.023463541666666643 0.07917129629629635
1 0.228703125 0.44885185185185184 0.011458333333333333 0.06805092592592588
1 0.16181510416666667 0.5086481481481482 0.010322916666666692 0.10140277777777781
1 0.15483333333333332 0.49769907407407404 0.020765625000000003 0.07950462962962963
0 0.14443229166666666 0.4732824074074074 0.00559114583333334 0.010152777777777755
2 0.19329427083333334 0.44198611111111114 0.016971354166666685 0.06649537037037043
