2 0.273046875 0.6662546296296296 0.024161458333333354 0.12258333333333342
1 0.22642708333333333 0.5832777777777778 0.03739583333333331 0.09925462962962957
1 0.12632291666666667 0.5564537037037037 0.0162421875 0.08232870370370367
0 0.12083333333333333 0.5521851851851852 0.005864583333333328 0.011722222222222299
1 0.3529010416666667 0.4898472222222222 0.019950520833333367 0.08346759259259258
1 0.3583411458333333 0.45931944444444445 0.024411458333333278 0.07126388888888892
1 0.18652604166666667 0.5054907407407407 0.015239583333333329 0.08052314814814812
1 0.16366927083333332 0.53 0.013434895833333313 0.0849722222222222
1 0.15028385416666667 0.5213518518518518 0.017945312500000022 0.08194444444444444
1 0.18763020833333333 0.5292870370370371 0.02747135416666667 0.08212037037037043
1 0.2465286458333333 0.5393148148148148 0.023960937499999998 0.07971296296296289
1 0.23181770833333332 0.4580740740740741 0.01819531250000003 0.0673425925925926
2 0.1686796875 0.4604814814814815 0.017244791666666672 0.06787962962962968
