2 0.2724947916666667 0.6644675925925926 0.02616666666666667 0.1208101851851851
1 0.23725520833333333 0.5763287037037037 0.04551562499999999 0.09497222222222217
1 0.1250703125 0.5445185185185185 0.025966145833333343 0.06875925925925926
0 0.11539583333333334 0.5458611111111111 0.006216145833333335 0.01154166666666659
1 0.3515729166666667 0.49015740740740743 0.018697916666666713 0.08444907407407407
1 0.35340364583333334 0.45290277777777777 0.014135416666666718 0.07447685185185181
1 0.18366927083333331 0.5115416666666667 0.015841145833333313 0.08552777777777784
1 0.161375 0.5158703703703703 0.025638020833333344 0.0785046296296297
1 0.2513984375 0.5303518518518519 0.021669270833333344 0.08073148148148153
1 0.23105989583333333 0.45496296296296296 0.01691927083333334 0.06775000000000002
1 0.16325520833333332 0.5324861111111111 0.015611979166666679 0.08091666666666676
1 0.180984375 0.5280324074074074 0.018067708333333363 0.08425925925925926
2 0.16959895833333333 0.45932870370370377 0.015768229166666654 0.0701666666666667
