2 0.264125 0.6296388888888889 0.020705729166666693 0.11299999999999996
1 0.13242447916666666 0.5846944444444445 0.029374999999999988 0.07961574074074065
1 0.273515625 0.5819120370370371 0.026484374999999984 0.11343055555555545
1 0.25485416666666666 0.43531018518518516 0.017575520833333337 0.062495370370370375
1 0.21958333333333335 0.4601388888888888 0.014927083333333317 0.07105555555555551
1 0.1832265625 0.5177083333333333 0.024557291666666654 0.07319444444444441
1 0.15806510416666666 0.557300925925926 0.02672656250000003 0.10443981481481489
1 0.147953125 0.5453148148148149 0.02528124999999998 0.08903240740740738
1 0.26063281250000003 0.5311898148148148 0.031059895833333358 0.09502314814814815
1 0.19959895833333335 0.4935231481481481 0.02744791666666669 0.07790277777777777
1 0.23318489583333332 0.49074074074074076 0.0315416666666667 0.0697685185185185
2 0.1685390625 0.45499999999999996 0.016372395833333307 0.06934259259259264
