2 0.2392421875 0.6525648148148148 0.025015624999999986 0.11748148148148159
1 0.35477604166666665 0.48984259259259255 0.015182291666666714 0.07377777777777783
1 0.30423958333333334 0.4389398148148148 0.011856770833333386 0.06915277777777783
1 0.21234635416666667 0.598837962962963 0.0336927083333333 0.10205555555555558
1 0.19651041666666666 0.5723611111111111 0.022268229166666664 0.10359722222222222
1 0.23902343750000002 0.46272222222222226 0.020244791666666668 0.07352314814814813
1 0.2239140625 0.5798148148148149 0.035427083333333324 0.09588425925925932
1 0.19853645833333333 0.5358564814814815 0.045692708333333346 0.07840740740740747
1 0.21740625 0.48380092592592594 0.01952083333333334 0.08071759259259255
1 0.2737994791666667 0.4632361111111111 0.012869791666666686 0.07043518518518523
1 0.3050338541666667 0.48791203703703706 0.01952083333333334 0.08380555555555555
2 0.16354166666666667 0.4532083333333333 0.012723958333333308 0.06632407407407406
0 0.20771875 0.5781435185185185 0.008531249999999997 0.01593981481481474
