2 0.25926041666666666 0.6481481481481481 0.03530208333333332 0.11008333333333342
1 0.4046588541666667 0.535236111111111 0.024015624999999947 0.1023657407407408
1 0.3107630208333333 0.49922685185185184 0.017361979166666687 0.09413425925925922
1 0.35561458333333335 0.4706805555555555 0.020255208333333385 0.07716203703703702
1 0.31452604166666664 0.43801388888888887 0.015046875000000052 0.06944444444444445
1 0.2981770833333333 0.4940833333333333 0.0205442708333333 0.07767592592592597
1 0.188078125 0.5064305555555556 0.016781250000000015 0.08281944444444439
0 0.17177864583333333 0.439 0.005388020833333348 0.011740740740740694
1 0.16508854166666667 0.4952268518518519 0.019809895833333317 0.10133333333333339
1 0.18003385416666667 0.4916759259259259 0.016335937500000005 0.09546296296296293
1 0.1948046875 0.4895092592592592 0.013554687499999989 0.08743055555555551
1 0.22877864583333332 0.45506481481481487 0.011294270833333305 0.06920370370370371
2 0.17290885416666668 0.45599074074074075 0.015640624999999984 0.06673148148148142
