0 0.15846875 0.43646296296296294 0.005333333333333338 0.010157407407407433
2 0.35539583333333336 0.6596481481481481 0.04485677083333333 0.11506944444444453
1 0.4859036458333333 0.5290555555555555 0.02408333333333334 0.09259259259259259
1 0.47596875 0.5065787037037037 0.030106770833333366 0.09259259259259259
1 0.3400416666666667 0.4923935185185185 0.029203124999999965 0.07493055555555551
1 0.33146354166666664 0.4535925925925926 0.013247395833333305 0.07867592592592595
1 0.2437421875 0.5172314814814815 0.024338541666666675 0.08623148148148137
1 0.23878645833333334 0.5034768518518519 0.025208333333333322 0.08344907407407408
1 0.26269010416666666 0.4625231481481481 0.029208333333333326 0.07324999999999995
1 0.23374479166666667 0.4521712962962963 0.01651562500000002 0.07293981481481485
1 0.18115364583333332 0.4776712962962963 0.019820312499999975 0.07819444444444448
1 0.12813020833333333 0.5105833333333333 0.017036458333333337 0.08344907407407408
2 0.19480208333333332 0.4496990740740741 0.014778645833333333 0.06737962962962966
