1 0.16792708333333334 0.4676666666666667 0.014510416666666673 0.07327777777777776
0 0.1652473958333333 0.4444351851851852 0.00486458333333335 0.010111111111111072
1 0.16986458333333332 0.4750694444444445 0.03025520833333335 0.09628703703703705
1 0.18301302083333332 0.5298055555555556 0.02242447916666664 0.08998611111111106
1 0.21978125 0.5411666666666667 0.02225781250000001 0.09746296296296296
1 0.20564322916666666 0.4870833333333333 0.021187499999999974 0.08045833333333331
1 0.22493489583333334 0.4905277777777778 0.03305729166666668 0.07269444444444444
1 0.24072135416666668 0.4781435185185185 0.015992187500000022 0.0757685185185185
1 0.23532291666666666 0.445462962962963 0.012942708333333346 0.05231944444444444
1 0.26087760416666667 0.4853287037037037 0.027122395833333358 0.07664814814814812
2 0.18989843750000002 0.43535185185185193 0.012611979166666683 0.08163425925925928
1 0.26887500000000003 0.45696759259259256 0.026958333333333327 0.062435185185185246
2 0.29121614583333333 0.6186944444444445 0.022177083333333295 0.1499305555555555
