1 0.36122916666666666 0.553337962962963 0.027653645833333348 0.10475462962962963
2 0.309171875 0.6378472222222222 0.03127083333333332 0.11246759259259252
1 0.36403125000000003 0.4930879629629629 0.017713541666666662 0.08708333333333329
1 0.33845572916666666 0.44825925925925925 0.01825520833333331 0.06876388888888893
1 0.2767291666666667 0.48183796296296294 0.02060677083333336 0.06715740740740739
1 0.21825520833333334 0.5059398148148148 0.01680989583333332 0.08515277777777776
1 0.23352864583333333 0.5126898148148149 0.029281250000000016 0.08836574074074069
1 0.20162760416666667 0.4982268518518519 0.015726562500000027 0.08643981481481483
1 0.269046875 0.479912037037037 0.017171875000000014 0.06330092592592594
1 0.3014921875 0.47910648148148144 0.024942708333333386 0.08033333333333333
1 0.3311354166666666 0.5118842592592593 0.022414062500000043 0.09575925925925928
2 0.17641145833333333 0.45886574074074066 0.016630208333333306 0.06940740740740739
