2 0.3364244791666666 0.6554212962962963 0.032250000000000036 0.12635185185185188
1 0.4719947916666667 0.5290648148148148 0.02097656250000005 0.0929537037037038
1 0.45164322916666666 0.5029074074074074 0.03036979166666664 0.09518055555555557
1 0.350984375 0.4848148148148148 0.02817968750000001 0.07236111111111114
1 0.33264843749999995 0.44883333333333336 0.01369010416666671 0.07300925925925923
1 0.2336953125 0.5034166666666667 0.021119791666666644 0.08622222222222217
1 0.25559635416666665 0.5098472222222222 0.026205729166666695 0.08031018518518515
1 0.229 0.4526574074074074 0.01408072916666665 0.07022685185185187
1 0.12995052083333333 0.5115879629629629 0.015057291666666665 0.0830925925925926
1 0.176296875 0.4827314814814815 0.011539062499999985 0.07892129629629625
1 0.25109895833333334 0.4665648148148148 0.015645833333333314 0.07439814814814812
2 0.1916484375 0.45022222222222225 0.01369010416666665 0.06814351851851855
0 0.1349375 0.4776898148148148 0.005867187499999993 0.01112500000000004
