2 0.26063281250000003 0.6326342592592593 0.02672656249999997 0.11043518518518516
1 0.12772916666666667 0.5919722222222222 0.022390625000000004 0.10615277777777776
1 0.2753203125 0.5782777777777778 0.021429687499999992 0.11214351851851853
1 0.3028880208333333 0.4387361111111111 0.013484375000000052 0.0676296296296296
1 0.19020833333333334 0.4920277777777778 0.013002604166666683 0.08004166666666661
1 0.16360416666666666 0.5100046296296296 0.01661197916666666 0.07490740740740744
1 0.17022395833333331 0.5382546296296297 0.017335937499999985 0.09716203703703699
1 0.15553645833333332 0.5194212962962963 0.021669270833333344 0.08774537037037046
1 0.24402083333333333 0.5517361111111111 0.022390625000000004 0.100162037037037
1 0.2370390625 0.47768518518518516 0.013723958333333345 0.07362037037037036
2 0.16829687499999998 0.45499999999999996 0.014445312500000007 0.06506018518518522
0 0.16095572916666667 0.401712962962963 0.006981770833333319 0.010699074074074028
