2 0.2512421875 0.6516666666666666 0.03427083333333331 0.11927777777777772
1 0.18863020833333335 0.6053935185185185 0.03745052083333332 0.09614351851851856
1 0.351015625 0.5039814814814815 0.022414062500000043 0.0768611111111111
1 0.3093723958333333 0.44446759259259255 0.02299218749999999 0.054500000000000014
1 0.2427109375 0.46092129629629636 0.017208333333333315 0.07352314814814817
1 0.1946328125 0.5780138888888889 0.021401041666666683 0.096912037037037
1 0.211984375 0.5759583333333333 0.03990885416666667 0.08611574074074063
1 0.18364322916666667 0.5463935185185186 0.03933072916666666 0.08406018518518527
1 0.21863541666666667 0.48418518518518516 0.023713541666666654 0.08149074074074074
1 0.2704739583333333 0.46490740740740744 0.01749739583333335 0.06966666666666667
1 0.3001901041666667 0.4890694444444445 0.020822916666666677 0.0768611111111111
0 0.16802604166666668 0.638425925925926 0.006940104166666691 0.01465277777777782
2 0.163109375 0.45552314814814815 0.013591145833333347 0.06632407407407406
