1 0.3426119791666667 0.5181527777777778 0.0262083333333333 0.09607870370370375
1 0.3466796875 0.4497083333333333 0.02024479166666661 0.07487037037037038
1 0.256484375 0.5669953703703704 0.024942708333333327 0.10250462962962956
1 0.24627083333333333 0.495337962962963 0.017893229166666677 0.08515277777777776
1 0.19828385416666666 0.5078657407407408 0.018796875000000015 0.08450925925925924
1 0.2970625 0.5229722222222222 0.03090885416666668 0.08900925925925936
1 0.2788072916666666 0.4623981481481481 0.02114843750000001 0.061055555555555606
1 0.2591953125 0.48971296296296296 0.014460937499999993 0.08932870370370367
0 0.26190625 0.45340277777777777 0.004700520833333321 0.00963888888888886
1 0.2299140625 0.5141342592592593 0.018796875000000015 0.09190277777777772
1 0.18689583333333332 0.5080277777777777 0.02530468750000002 0.0816203703703704
2 0.18038802083333336 0.4537222222222222 0.01409895833333336 0.06812500000000005
2 0.28106770833333333 0.6349537037037037 0.02639062500000004 0.11246759259259252
