2 0.2529895833333333 0.6562314814814815 0.023184895833333326 0.11413888888888887
1 0.240171875 0.568875 0.02595052083333336 0.10839351851851857
1 0.1440390625 0.5177685185185186 0.01832812499999997 0.06746296296296286
0 0.13385677083333333 0.5636388888888889 0.00610937500000001 0.012490740740740748
1 0.1826015625 0.5077037037037038 0.01420312499999999 0.08704166666666661
1 0.34682291666666665 0.49034259259259266 0.01691927083333328 0.08388888888888886
1 0.34734635416666665 0.44800462962962967 0.012739583333333353 0.0716481481481482
1 0.2554192708333333 0.5134583333333333 0.016760416666666642 0.09000925925925929
1 0.23455729166666667 0.45242592592592595 0.01242708333333334 0.0689305555555555
1 0.17805989583333334 0.5231712962962963 0.01702343749999997 0.09007870370370379
1 0.1666484375 0.524287037037037 0.022609374999999984 0.08227777777777769
1 0.16845052083333334 0.5091064814814815 0.01618750000000002 0.08534722222222219
2 0.16991406250000002 0.45860185185185187 0.014515625000000002 0.06939351851851856
