2 0.23422395833333332 0.6500277777777778 0.02633072916666664 0.11260185185185176
1 0.21186718750000003 0.5714583333333333 0.03182552083333334 0.10474537037037036
1 0.1514375 0.5062314814814814 0.02194270833333333 0.10393518518518519
1 0.177984375 0.5166805555555556 0.0251953125 0.0944907407407407
1 0.34394010416666665 0.4859166666666666 0.016632812499999972 0.08727777777777777
1 0.33915104166666665 0.43860648148148146 0.011479166666666648 0.06469907407407408
1 0.25659635416666665 0.5116898148148148 0.01638802083333335 0.0903981481481482
1 0.2373229166666667 0.4548101851851852 0.015528645833333361 0.06961111111111107
1 0.19428125 0.5186481481481481 0.023171875000000005 0.0931712962962963
1 0.17405729166666667 0.5074907407407407 0.01942708333333331 0.08700925925925929
1 0.16457291666666668 0.5087731481481482 0.03360416666666666 0.10441666666666664
2 0.16891145833333335 0.46171759259259254 0.011520833333333336 0.07423611111111107
0 0.153875 0.44799999999999995 0.006526041666666652 0.012689814814814853
