2 0.254640625 0.646263888888889 0.028052083333333342 0.11722222222222214
1 0.34826822916666667 0.5127222222222222 0.01836458333333333 0.08714351851851852
1 0.3038776041666667 0.4416388888888889 0.026171875 0.0611805555555556
1 0.17127864583333335 0.595625 0.03600520833333333 0.09202777777777787
1 0.19333072916666666 0.5827685185185185 0.025161458333333366 0.09717129629629624
1 0.243796875 0.4602777777777778 0.01648437499999999 0.07583333333333336
1 0.20851302083333334 0.5798148148148149 0.03644010416666668 0.10256944444444453
1 0.1744609375 0.5422824074074074 0.04410416666666664 0.09897222222222231
0 0.15342187499999999 0.6005092592592592 0.0066510416666666575 0.01336574074074069
1 0.22109375 0.48199999999999993 0.022268229166666664 0.0817453703703704
1 0.2958515625 0.4902268518518519 0.015328125000000033 0.07814814814814817
1 0.26779947916666663 0.4659351851851852 0.0150390625 0.07275000000000005
2 0.1623125 0.4551388888888889 0.015471354166666689 0.06760648148148148
