2 0.2564192708333333 0.6392685185185185 0.025039062499999994 0.11171759259259256
1 0.3427369791666666 0.5219907407407407 0.017575520833333278 0.0886018518518519
1 0.15505468749999998 0.5979675925925926 0.02841145833333331 0.10272685185185179
1 0.19442187500000002 0.5821296296296297 0.02576302083333335 0.10358333333333324
1 0.24317708333333332 0.45842592592592596 0.017335937499999985 0.07276388888888892
1 0.29229427083333337 0.4365972222222222 0.016372395833333307 0.06677314814814815
1 0.1623984375 0.5436064814814815 0.03828125 0.09673611111111102
1 0.19755208333333335 0.5906898148148149 0.02528124999999998 0.10957870370370373
1 0.22126822916666666 0.4817546296296296 0.02311458333333333 0.08261111111111114
0 0.14313802083333332 0.5851249999999999 0.006500000000000009 0.013699074074074141
1 0.29390104166666664 0.4994814814814815 0.01778645833333338 0.08071759259259255
1 0.2650520833333333 0.4672175925925926 0.014749999999999996 0.0763472222222222
2 0.16202343749999998 0.4557777777777778 0.015182291666666655 0.06786574074074075
