2 0.25991145833333335 0.6328518518518519 0.027687500000000014 0.11171759259259256
1 0.3140833333333333 0.5562314814814815 0.0339479166666667 0.10572685185185181
1 0.13603385416666666 0.5898333333333333 0.021187499999999988 0.09074537037037048
0 0.12821093749999998 0.5673611111111111 0.006981770833333319 0.01498148148148154
1 0.18864322916666668 0.5436064814814815 0.023354166666666683 0.0873194444444445
1 0.2674947916666667 0.43531018518518516 0.014927083333333346 0.0676296296296296
1 0.23318489583333332 0.4588518518518519 0.017093750000000026 0.07191203703703705
1 0.28398697916666665 0.5138564814814816 0.019984374999999943 0.08945833333333335
1 0.16829687499999998 0.5806296296296297 0.023596354166666642 0.10230092592592584
1 0.15361197916666666 0.5575138888888889 0.029854166666666692 0.08945833333333335
1 0.21356250000000002 0.486462962962963 0.026966145833333323 0.07576388888888894
1 0.24715104166666665 0.47512037037037036 0.023354166666666683 0.0753333333333333
2 0.16841927083333333 0.4545740740740741 0.015169270833333333 0.06848611111111114
