2 0.24278906249999999 0.6537870370370371 0.024119791666666637 0.12050925925925934
1 0.22835677083333333 0.5665601851851851 0.02624999999999999 0.11311574074074071
1 0.15428125 0.5074861111111112 0.02474999999999999 0.08867592592592591
1 0.19246875000000002 0.5134722222222222 0.024796875000000006 0.08342129629629633
1 0.34398958333333335 0.4895462962962963 0.01176822916666668 0.08581481481481487
1 0.3432395833333333 0.44377777777777777 0.015304687499999995 0.07351388888888888
1 0.2531067708333333 0.5127499999999999 0.021794270833333348 0.08848148148148142
1 0.23508854166666668 0.4534212962962963 0.015981770833333304 0.06868981481481487
1 0.189515625 0.5221388888888888 0.03797135416666665 0.08933796296296287
1 0.16762239583333333 0.5198564814814816 0.02247135416666666 0.08201851851851845
1 0.17154687500000002 0.5090462962962963 0.019276041666666664 0.08968518518518515
2 0.16994791666666667 0.457125 0.014335937499999988 0.06644907407407406
0 0.1404296875 0.4716805555555556 0.006247395833333336 0.012537037037037057
