2 0.2731484375 0.6636666666666666 0.025765625000000014 0.12668981481481487
1 0.20986197916666666 0.5814583333333333 0.020302083333333342 0.11305555555555546
1 0.13464322916666666 0.5643425925925926 0.01945052083333335 0.11947685185185193
1 0.3530520833333333 0.4937638888888889 0.018447916666666706 0.08525462962962967
1 0.331796875 0.44978703703703704 0.020052083333333335 0.0700138888888889
1 0.20454687500000002 0.49559722222222224 0.019197916666666672 0.0863981481481481
0 0.2201614583333333 0.43660185185185185 0.006315104166666667 0.012972222222222213
1 0.2689869791666667 0.539212962962963 0.01814583333333332 0.08739814814814824
1 0.15534635416666667 0.5476342592592593 0.027671875 0.09033796296296301
1 0.22389583333333332 0.5147453703703704 0.027419270833333325 0.12403703703703707
1 0.18993489583333334 0.5069027777777778 0.021054687499999978 0.08304166666666661
1 0.25229427083333333 0.4749074074074074 0.021455729166666694 0.06575925925925924
2 0.15690104166666666 0.4582407407407407 0.011328125 0.06700925925925931
