2 0.26619270833333336 0.6419861111111111 0.026963541666666688 0.11398611111111112
1 0.32870052083333334 0.47241203703703705 0.019174479166666696 0.07800462962962963
1 0.2607083333333333 0.4332314814814815 0.01574218750000001 0.06332407407407406
1 0.150953125 0.5231435185185185 0.01754166666666664 0.08595370370370363
0 0.1449453125 0.5035648148148149 0.006531249999999981 0.010490740740740674
1 0.1763229166666667 0.46867592592592594 0.017039062500000018 0.06984722222222228
1 0.24730989583333332 0.49003240740740744 0.020346354166666636 0.07923611111111116
1 0.25467968750000003 0.5041712962962963 0.025705729166666677 0.0837083333333333
1 0.20491927083333333 0.48928703703703696 0.015950520833333332 0.08072222222222228
1 0.15909635416666665 0.5074861111111112 0.010046874999999981 0.10462037037037038
1 0.1565 0.4994074074074074 0.02830208333333335 0.08430092592592595
1 0.2285546875 0.4508287037037037 0.010549479166666664 0.0705555555555556
2 0.1929453125 0.4431296296296296 0.016036458333333316 0.0658611111111111
