2 0.2581041666666667 0.6345601851851852 0.02648437500000001 0.11000462962962969
1 0.13759895833333333 0.5996759259259259 0.020466145833333328 0.10187037037037035
1 0.1900885416666667 0.556875 0.022872395833333316 0.09502314814814815
1 0.32395572916666665 0.5397546296296296 0.03009635416666671 0.0916018518518519
1 0.2777291666666667 0.4385231481481482 0.02094791666666668 0.06206481481481479
1 0.23836197916666665 0.4590694444444445 0.019260416666666676 0.07062499999999998
1 0.172390625 0.5891898148148148 0.02841145833333331 0.10914814814814824
1 0.2896458333333333 0.5082916666666667 0.020705729166666725 0.08945833333333335
1 0.216453125 0.4856064814814815 0.022151041666666652 0.0808981481481482
1 0.15638020833333333 0.5583703703703703 0.03154166666666664 0.08261111111111114
1 0.25786458333333334 0.47405092592592596 0.024557291666666686 0.06805555555555555
0 0.13049739583333334 0.5795601851851852 0.007223958333333336 0.011129629629629613
2 0.16661197916666665 0.45543055555555556 0.017335937499999985 0.06591666666666672
