1 0.3094453125 0.5583194444444445 0.035789062499999955 0.10250462962962956
1 0.358609375 0.5061018518518519 0.02639062500000004 0.08997222222222223
1 0.3462942708333333 0.4569722222222222 0.01824999999999998 0.054995370370370354
2 0.29632552083333336 0.6367962962962963 0.029893229166666656 0.1149398148148148
1 0.28989583333333335 0.4980648148148148 0.027460937499999952 0.09331018518518522
1 0.3221354166666667 0.5150601851851851 0.02832812500000005 0.0926944444444444
1 0.26877864583333333 0.49312500000000004 0.02380989583333332 0.07106481481481482
1 0.21012239583333334 0.5105787037037036 0.015640624999999984 0.08929166666666662
1 0.23480208333333333 0.5119722222222222 0.02120312500000002 0.09207407407407413
1 0.19665364583333333 0.5023935185185185 0.012687500000000008 0.08156944444444447
1 0.2737317708333334 0.4596018518518519 0.017380208333333307 0.059634259259259234
2 0.1806640625 0.4560462962962963 0.015119791666666653 0.06920833333333329
