2 0.2635234375 0.6302824074074075 0.021908854166666637 0.11171759259259256
1 0.28904427083333334 0.5699305555555555 0.0339479166666667 0.11086111111111113
1 0.2577447916666667 0.43766666666666665 0.017575520833333337 0.057787037037037005
1 0.1353125 0.583837962962963 0.026002604166666658 0.08132870370370374
1 0.18635677083333332 0.5230601851851852 0.022151041666666652 0.08132870370370374
1 0.22451822916666667 0.4590694444444445 0.017575520833333337 0.07062499999999998
1 0.16059374999999998 0.5662916666666666 0.022632812500000023 0.10187037037037035
1 0.26809635416666666 0.5260555555555555 0.01661197916666666 0.0873194444444445
1 0.1485546875 0.5455324074074074 0.02889322916666668 0.09374074074074075
1 0.20248697916666666 0.4911712962962963 0.021669270833333344 0.0740509259259259
1 0.23655729166666667 0.49074074074074076 0.03442968750000001 0.07062500000000003
2 0.1676953125 0.45393055555555556 0.015169270833333333 0.068912037037037
