2 0.2583463541666667 0.6326342592592593 0.02407812500000001 0.10872222222222229
1 0.2848307291666667 0.5650046296296297 0.022151041666666652 0.10529629629629632
1 0.313 0.442587962962963 0.017817708333333352 0.0676296296296296
1 0.13988802083333332 0.5902592592592593 0.022632812500000005 0.10957870370370373
1 0.16601041666666666 0.4841064814814815 0.012760416666666666 0.10615277777777776
1 0.187921875 0.4980185185185185 0.015169270833333333 0.0886018518518519
1 0.1781692708333333 0.5305509259259259 0.02744791666666669 0.0945972222222222
1 0.24642708333333332 0.5487407407407408 0.01661197916666666 0.09759259259259268
1 0.24052864583333333 0.47362037037037036 0.015408854166666685 0.07490740740740744
1 0.1591484375 0.4879583333333333 0.01878125000000003 0.0941666666666667
1 0.16926041666666666 0.49780555555555556 0.013484374999999993 0.1070092592592592
0 0.1669739583333333 0.41797685185185185 0.0060182291666666405 0.012412037037037011
2 0.1681770833333333 0.45436111111111105 0.01661197916666666 0.06549074074074071
