2 0.349125 0.6103055555555555 0.034968750000000055 0.14465277777777769
2 0.1886848958333333 0.43562962962962964 0.015440104166666658 0.08289814814814812
1 0.23269010416666666 0.5440601851851852 0.034895833333333334 0.09827314814814814
1 0.24820833333333334 0.47159259259259256 0.017757812500000015 0.07905555555555555
1 0.15788020833333333 0.4582777777777778 0.013125000000000024 0.053527777777777834
0 0.16452083333333334 0.44688425925925923 0.004169270833333331 0.00878240740740742
1 0.30340885416666663 0.480787037037037 0.0259401041666667 0.07658333333333336
1 0.16197135416666666 0.5104351851851852 0.019455729166666675 0.08097685185185184
1 0.16073697916666668 0.5322546296296297 0.0228515625 0.08454629629629624
1 0.22242187500000002 0.5300601851851852 0.021463541666666686 0.09003703703703704
1 0.221265625 0.46829629629629627 0.011117187500000014 0.06423148148148143
1 0.16606510416666667 0.48353240740740744 0.037210937499999965 0.0842731481481482
1 0.32564322916666666 0.4857268518518519 0.02130729166666671 0.0738425925925926
