2 0.2928151041666667 0.6445972222222222 0.021328125000000024 0.11439351851851859
1 0.4317213541666666 0.544337962962963 0.026932291666666684 0.09704166666666672
1 0.36999479166666666 0.4800740740740741 0.016268229166666613 0.08932870370370367
1 0.3074557291666667 0.5150972222222222 0.014460937500000052 0.09575925925925928
1 0.3011302083333333 0.43315740740740744 0.016630208333333365 0.06362500000000003
1 0.22711197916666667 0.5054583333333333 0.023677083333333352 0.08740277777777776
1 0.24943489583333334 0.4869814814814815 0.03145052083333333 0.06844444444444446
0 0.24148177083333333 0.48376851851851854 0.00505989583333335 0.010601851851851894
1 0.200453125 0.5154212962962963 0.01590624999999998 0.09318518518518523
1 0.20876562499999998 0.4956574074074074 0.011567708333333352 0.07422685185185182
1 0.2774505208333334 0.4619166666666667 0.025666666666666654 0.07037037037037037
1 0.2660651041666667 0.4559722222222222 0.01301302083333331 0.07197685185185186
2 0.16113802083333334 0.46111574074074074 0.012109375 0.07069444444444441
