2 0.2664739583333333 0.6404953703703704 0.02405208333333334 0.1128796296296297
1 0.2794739583333333 0.43569444444444444 0.013880208333333382 0.06595370370370372
1 0.3576197916666667 0.47667129629629623 0.02260677083333332 0.07722685185185182
1 0.2229140625 0.5207731481481481 0.023013020833333304 0.08950000000000008
1 0.1776796875 0.5274398148148148 0.0244140625 0.08098611111111104
0 0.17673177083333333 0.4905231481481481 0.005515625000000016 0.01175000000000005
1 0.20898958333333334 0.46445833333333336 0.014692708333333353 0.0662916666666667
1 0.27852343749999997 0.4991712962962963 0.02029947916666662 0.0836712962962963
1 0.22958333333333333 0.45658333333333334 0.01645572916666668 0.06596759259259265
1 0.1995625 0.4966157407407408 0.01862760416666666 0.0855740740740741
1 0.17220833333333332 0.5080277777777777 0.01455729166666669 0.10775462962962963
1 0.16988020833333334 0.4896620370370371 0.014242187500000014 0.07616666666666666
2 0.18871093749999998 0.44717129629629626 0.016817708333333313 0.06711111111111108
