2 0.23729427083333335 0.649263888888889 0.021455729166666694 0.11353703703703714
1 0.22126302083333332 0.5694814814814815 0.03143229166666668 0.1052037037037036
1 0.15227083333333333 0.505425925925926 0.02150260416666665 0.09383333333333331
0 0.1470390625 0.45255555555555554 0.0058124999999999835 0.011523148148148194
1 0.18065104166666668 0.5117962962962963 0.028091145833333307 0.0862546296296296
1 0.34275520833333334 0.48941203703703706 0.014820312499999962 0.08969907407407407
1 0.34086458333333336 0.44463425925925926 0.01278645833333331 0.07489814814814813
1 0.25494791666666666 0.5125740740740741 0.018403645833333353 0.0898657407407408
1 0.2368828125 0.45397685185185194 0.015596354166666692 0.06912500000000003
1 0.19806249999999997 0.5220416666666666 0.02901041666666669 0.09159722222222218
1 0.17353125 0.5097731481481481 0.018499999999999992 0.08875462962962964
1 0.164234375 0.5182546296296296 0.028963541666666672 0.08780092592592596
2 0.1695859375 0.46052777777777776 0.01564322916666665 0.07462037037037035
