2 0.31251822916666666 0.6392916666666666 0.024221354166666723 0.11599999999999998
1 0.38364322916666665 0.54675 0.03343750000000002 0.10122222222222216
1 0.36412239583333333 0.49115740740740743 0.016085937499999994 0.0806527777777778
1 0.3311354166666666 0.44552777777777774 0.019882812499999975 0.06330092592592589
1 0.32878385416666667 0.5136527777777777 0.02819791666666672 0.0890092592592592
1 0.29878125 0.47332407407407406 0.032533854166666626 0.0777638888888889
1 0.27528125 0.4755740740740741 0.021690104166666658 0.0816203703703704
1 0.27139583333333334 0.47734259259259254 0.021510416666666643 0.06651388888888893
0 0.27275260416666663 0.43669444444444444 0.00614583333333331 0.012212962962963014
1 0.23081770833333334 0.5131712962962963 0.03434374999999997 0.0867592592592593
1 0.22539583333333332 0.5044953703703704 0.023135416666666644 0.08483333333333329
1 0.20397656249999999 0.49228240740740736 0.015364583333333333 0.08418981481481477
2 0.17171354166666666 0.4598287037037037 0.011205729166666659 0.06940740740740745
