2 0.26938541666666665 0.6625509259259259 0.031747395833333324 0.11487500000000005
1 0.13414583333333333 0.5388518518518519 0.021513020833333323 0.05982870370370371
1 0.2434609375 0.5700925925925926 0.03315885416666665 0.1026203703703703
1 0.183125 0.5096990740740741 0.017544270833333306 0.08694907407407405
1 0.3496692708333333 0.4905277777777778 0.01749218750000002 0.08351851851851856
1 0.35024479166666667 0.45292592592592595 0.013210937500000004 0.07517129629629635
1 0.25479166666666664 0.5243657407407408 0.02146093750000002 0.08657407407407407
0 0.124484375 0.5692638888888888 0.005117187499999994 0.010708333333333384
1 0.17915625000000002 0.5248796296296296 0.02172135416666669 0.08499537037037044
1 0.1662578125 0.523625 0.019320312500000013 0.08137499999999999
1 0.16448177083333335 0.5131805555555555 0.024125000000000025 0.08054166666666662
1 0.23233854166666665 0.4530185185185185 0.017179687500000006 0.06830092592592596
2 0.16957291666666666 0.45784722222222224 0.013627604166666647 0.06867129629629626
