1 0.34986979166666665 0.4821203703703704 0.0125 0.08684259259259255
1 0.32270052083333334 0.4357962962962963 0.01649218749999998 0.06760648148148148
2 0.23046875 0.6480138888888889 0.021700520833333313 0.11616203703703697
1 0.17065885416666668 0.5720462962962962 0.026736979166666685 0.1068287037037037
1 0.18771614583333335 0.5029814814814815 0.024739583333333332 0.07983796296296293
1 0.16892447916666667 0.5220740740740741 0.019791666666666666 0.0902638888888888
1 0.2775598958333333 0.516175925925926 0.02387239583333335 0.08894907407407412
1 0.24529166666666666 0.4592453703703704 0.01766406249999998 0.0731759259259259
1 0.18283333333333335 0.5286342592592592 0.01671093750000002 0.09720833333333324
1 0.1605911458333333 0.5049537037037037 0.015625 0.09981481481481477
2 0.16916145833333335 0.4574305555555555 0.013671875 0.06831481481481479
0 0.15998177083333334 0.40088425925925925 0.006424479166666686 0.013203703703703695
1 0.18296354166666667 0.5013611111111111 0.010372395833333315 0.08153240740740747
