1 0.4527395833333333 0.532962962962963 0.023794270833333304 0.09852314814814812
2 0.30573958333333334 0.6540277777777778 0.03851041666666669 0.11243518518518525
1 0.41203645833333336 0.5015138888888889 0.030684895833333316 0.09351388888888884
1 0.36069010416666664 0.4770231481481481 0.01690625000000002 0.07904166666666668
1 0.21776041666666668 0.5029074074074074 0.017846354166666658 0.08738888888888884
1 0.3309453125 0.44585185185185183 0.01377604166666669 0.07236111111111114
1 0.14290364583333334 0.5079074074074074 0.022351562499999995 0.07677314814814812
1 0.1728515625 0.48996759259259254 0.01453906249999998 0.07793055555555552
1 0.27690885416666666 0.5023148148148148 0.02734375 0.07793055555555552
1 0.22634635416666665 0.453125 0.013888020833333315 0.0667453703703704
1 0.2237421875 0.47511574074074076 0.013020833333333334 0.07137500000000004
2 0.18435416666666665 0.4517731481481481 0.01280468750000002 0.06558796296296295
