2 0.242890625 0.6519907407407407 0.023208333333333307 0.11912037037037046
2 0.16285156250000002 0.45283796296296297 0.013091145833333328 0.0678101851851852
1 0.3633177083333334 0.4887546296296296 0.018153645833333343 0.08720370370370377
1 0.2979817708333333 0.4331990740740741 0.015617187499999947 0.06247222222222225
1 0.3128932291666667 0.48967592592592596 0.018927083333333292 0.08440740740740743
1 0.28226822916666666 0.4635972222222222 0.02069010416666662 0.07112499999999995
1 0.22087239583333332 0.5281851851851852 0.04038281249999998 0.08786111111111121
1 0.22448958333333333 0.4698518518518519 0.012794270833333362 0.07921296296296297
1 0.19621614583333333 0.5641666666666666 0.029674479166666677 0.10225000000000006
0 0.1889765625 0.5067453703703704 0.008536458333333326 0.0150833333333333
1 0.17660416666666665 0.5678148148148148 0.0233046875 0.09766666666666668
1 0.21630729166666668 0.47579629629629633 0.011411458333333317 0.057527777777777823
1 0.18662239583333334 0.5733703703703704 0.02048958333333335 0.14473611111111115
