2 0.27779947916666664 0.6213009259259259 0.0172239583333333 0.14677777777777776
1 0.23644010416666666 0.5359537037037038 0.02823958333333335 0.09433796296296296
1 0.16361979166666665 0.4792037037037037 0.021263020833333358 0.06481481481481481
0 0.154890625 0.4734074074074074 0.004338541666666688 0.008157407407407356
1 0.22809635416666665 0.43614351851851857 0.013486979166666658 0.05895370370370367
1 0.21808072916666665 0.508199074074074 0.038856770833333346 0.0816018518518519
1 0.23468750000000002 0.48719444444444443 0.02400000000000002 0.07612962962962966
1 0.20315885416666665 0.5270231481481481 0.022632812500000023 0.09023611111111104
1 0.1684765625 0.4824953703703704 0.036585937500000006 0.06950462962962968
1 0.2154765625 0.484087962962963 0.025369791666666686 0.07700000000000003
1 0.23470572916666665 0.45077314814814806 0.018960937499999986 0.05876851851851849
1 0.23719270833333334 0.49256944444444445 0.03969010416666669 0.06122685185185185
2 0.186484375 0.4355277777777778 0.02026302083333332 0.0785833333333334
