2 0.26565364583333334 0.6595694444444444 0.031382812499999996 0.11415740740740737
1 0.13847916666666665 0.5294722222222222 0.0216171875 0.0652268518518518
1 0.24137239583333334 0.569625 0.02417708333333331 0.10968518518518522
1 0.3477630208333334 0.49047685185185186 0.020364583333333287 0.08696296296296298
1 0.34896354166666665 0.44726851851851845 0.012950520833333338 0.07256018518518514
1 0.1828619791666667 0.509986111111111 0.016812499999999987 0.08693055555555555
1 0.25533854166666664 0.5167129629629629 0.016604166666666663 0.09185185185185189
1 0.23356510416666668 0.45275000000000004 0.014411458333333313 0.06939351851851847
1 0.16819010416666666 0.5250694444444445 0.023289062500000016 0.07625925925925917
1 0.18033072916666668 0.519962962962963 0.023757812500000006 0.08981481481481482
1 0.16672916666666668 0.5100277777777779 0.018692708333333325 0.08183333333333327
2 0.16959895833333333 0.4582222222222222 0.01420312499999999 0.06847685185185183
