1 0.16723958333333336 0.4673564814814815 0.015559895833333334 0.07436111111111106
2 0.19026041666666668 0.43586574074074075 0.01255468750000001 0.08156018518518522
0 0.16771354166666666 0.4438564814814815 0.00545052083333335 0.009888888888888843
1 0.1698046875 0.4779861111111111 0.030911458333333346 0.09368518518518525
1 0.17795833333333333 0.5290648148148148 0.02036197916666668 0.08793055555555548
1 0.19844010416666666 0.49165740740740743 0.025411458333333314 0.08522222222222219
1 0.21896093749999998 0.5406805555555555 0.021723958333333352 0.09833333333333337
1 0.22705729166666666 0.4930833333333333 0.02990104166666665 0.07552777777777772
1 0.23663802083333335 0.47441203703703705 0.013307291666666643 0.07552777777777772
1 0.24685677083333332 0.45147222222222216 0.016752604166666647 0.058999999999999976
1 0.26970312500000004 0.476625 0.02573177083333332 0.06883333333333332
1 0.27860156249999996 0.4600185185185185 0.030380208333333325 0.05757407407407403
2 0.30333072916666665 0.6192037037037037 0.026614583333333285 0.14935185185185182
