2 0.30456510416666666 0.6439537037037038 0.032174479166666714 0.11374999999999992
1 0.42837760416666665 0.5430555555555555 0.029281250000000016 0.10025462962962971
1 0.367375 0.477662037037037 0.021869791666666673 0.1005787037037037
1 0.3060104166666667 0.4341203703703704 0.01590624999999998 0.06362500000000003
1 0.3114322916666667 0.5167037037037037 0.015182291666666714 0.0944722222222222
1 0.2632630208333333 0.4845694444444445 0.02910156249999997 0.06555092592592594
0 0.2510625 0.4889074074074074 0.00614583333333331 0.012532407407407483
1 0.22611718749999998 0.5061018518518519 0.021690104166666658 0.08611574074074069
1 0.21328645833333332 0.5165416666666667 0.027473958333333333 0.0890092592592593
1 0.207953125 0.49260648148148145 0.01500260416666664 0.0816203703703704
1 0.28260416666666666 0.4619166666666667 0.017533854166666647 0.07487037037037034
1 0.27266145833333333 0.4620787037037037 0.018979166666666696 0.0661944444444444
2 0.162765625 0.4603101851851852 0.009580729166666658 0.06973148148148144
