2 0.2903645833333333 0.6502037037037037 0.028645833333333332 0.1162546296296297
1 0.44097135416666666 0.5331805555555555 0.017940104166666634 0.10133796296296291
1 0.3883098958333333 0.5028287037037037 0.03182812499999995 0.09001851851851854
1 0.36183333333333334 0.47556481481481483 0.014177083333333347 0.08281944444444439
1 0.32928125 0.4423888888888889 0.013309895833333366 0.06995833333333339
1 0.2106484375 0.503087962962963 0.014468749999999985 0.0895046296296296
1 0.28269791666666666 0.4940833333333333 0.017940104166666634 0.08281944444444439
1 0.22670833333333332 0.4547314814814815 0.013020833333333334 0.06995833333333339
1 0.17419010416666666 0.4935694444444444 0.013888020833333315 0.0787037037037037
1 0.14467708333333332 0.5048888888888888 0.02372656249999999 0.0787037037037037
1 0.20992447916666668 0.47993981481481485 0.01938541666666668 0.08024537037037034
2 0.18286979166666667 0.4524166666666667 0.013309895833333307 0.06430092592592587
0 0.13527083333333334 0.4855972222222223 0.004919270833333345 0.010287037037036944
