1 0.21208854166666666 0.543375 0.03348177083333332 0.0925416666666666
1 0.20455989583333334 0.5037638888888889 0.018158854166666672 0.075037037037037
1 0.16477083333333334 0.4660925925925926 0.017625000000000016 0.07086111111111108
0 0.17067968749999998 0.44610185185185186 0.005140625000000002 0.01055092592592591
1 0.2731432291666666 0.47693981481481484 0.017192708333333327 0.07883333333333338
1 0.28738020833333333 0.4670601851851853 0.02376822916666666 0.06239351851851856
1 0.28370833333333334 0.47070833333333334 0.020963541666666665 0.06874537037037032
1 0.23974479166666668 0.47219444444444447 0.015554687500000004 0.071712962962963
1 0.19509635416666665 0.5291388888888889 0.023067708333333315 0.0806712962962963
1 0.16705729166666666 0.48225 0.03481770833333334 0.08898148148148145
1 0.18483333333333332 0.500462962962963 0.01962760416666664 0.08935185185185185
2 0.320828125 0.611300925925926 0.02496875000000003 0.13769444444444448
2 0.18696875000000002 0.435462962962963 0.018294270833333334 0.07989351851851849
