1 0.4605338541666667 0.53 0.023593749999999976 0.09659722222222226
1 0.33172916666666663 0.44887037037037036 0.013346354166666666 0.07244444444444445
1 0.22389322916666668 0.5033101851851852 0.017395833333333322 0.0864259259259259
1 0.13238020833333333 0.5079722222222223 0.011677083333333341 0.08218981481481485
1 0.2671458333333333 0.5060648148148148 0.024307291666666675 0.07498611111111107
2 0.18790885416666667 0.4507777777777778 0.00977083333333333 0.06609259259259259
2 0.31802604166666665 0.6526527777777777 0.025023437500000037 0.11989814814814816
1 0.42907812500000003 0.5047962962962963 0.02645312499999998 0.09362962962962969
1 0.35782291666666666 0.4802222222222222 0.022640625000000015 0.07413888888888882
1 0.22698958333333333 0.44887037037037036 0.01072395833333335 0.06058333333333339
1 0.17432291666666666 0.48975462962962957 0.012630208333333334 0.07880092592592594
1 0.2380729166666667 0.46814814814814815 0.014299479166666688 0.07202314814814817
0 0.13547916666666668 0.49335648148148153 0.004528645833333345 0.009745370370370455
