2 0.25858593750000003 0.6332777777777778 0.02407812500000001 0.11000462962962969
1 0.29289583333333336 0.5637222222222222 0.027687500000000042 0.10786574074074085
1 0.15108333333333332 0.5930416666666667 0.02865104166666666 0.10487037037037036
1 0.31721354166666665 0.4419444444444445 0.013242187499999976 0.06976851851851854
1 0.19309635416666668 0.49502314814814813 0.017817708333333352 0.0928842592592593
1 0.17010416666666667 0.4984490740740741 0.013723958333333345 0.11428703703703709
1 0.18719791666666669 0.530337962962963 0.02672656249999997 0.0916018518518519
1 0.24690885416666666 0.5459583333333333 0.017575520833333337 0.09545370370370362
1 0.24353906250000001 0.4734074074074074 0.014687500000000023 0.07362037037037036
1 0.16348177083333332 0.5050833333333333 0.020705729166666666 0.08047222222222225
1 0.1782890625 0.49673611111111116 0.013242187499999976 0.10829166666666665
0 0.1812994791666667 0.4042777777777778 0.006742187500000026 0.014124999999999995
2 0.17034375 0.44943518518518516 0.011796874999999988 0.055643518518518544
