1 0.389 0.5375509259259259 0.02276562500000002 0.10318518518518524
1 0.35407031250000004 0.4686574074074074 0.01616145833333332 0.0797037037037037
1 0.2998515625 0.4332824074074074 0.013033854166666714 0.06704166666666664
1 0.28186718749999995 0.4966157407407408 0.016335937500000005 0.08372222222222224
1 0.2327734375 0.4541388888888889 0.011294270833333305 0.06981944444444442
1 0.2503255208333333 0.49568981481481483 0.018593750000000023 0.08001388888888886
1 0.19315364583333333 0.5088194444444444 0.017552083333333357 0.0858842592592592
1 0.1761223958333333 0.5100555555555556 0.018247395833333315 0.08712037037037035
1 0.21105208333333333 0.48843055555555553 0.024502604166666647 0.08156018518518522
1 0.193328125 0.5035694444444445 0.014424479166666693 0.0797037037037037
2 0.17143229166666665 0.4566111111111111 0.013380208333333362 0.06549537037037033
0 0.16222135416666666 0.39575000000000005 0.005388020833333348 0.00926851851851851
2 0.25006510416666666 0.6473796296296296 0.024677083333333332 0.11337962962962968
