2 0.25858593750000003 0.6322083333333333 0.025039062500000025 0.11043518518518516
1 0.13615625 0.5932546296296296 0.029132812500000015 0.10615277777777776
1 0.279171875 0.5716388888888889 0.019502604166666635 0.1082916666666666
1 0.30866666666666664 0.44001851851851853 0.017817708333333352 0.06934259259259264
1 0.18683854166666666 0.4984490740740741 0.016372395833333307 0.08004166666666661
1 0.16601041666666666 0.4956666666666667 0.012760416666666666 0.08218055555555549
1 0.1725104166666667 0.5333333333333333 0.015651041666666643 0.0941666666666667
1 0.16155729166666666 0.5005879629629629 0.019742187499999987 0.11514351851851853
1 0.15517708333333333 0.4898842592592593 0.013242187499999976 0.09801851851851848
1 0.24630729166666668 0.5489537037037037 0.016854166666666674 0.09801851851851842
1 0.23727864583333333 0.47683333333333333 0.016132812500000013 0.0753333333333333
0 0.1611953125 0.414125 0.0060182291666666405 0.013268518518518556
2 0.16902083333333331 0.4532916666666667 0.014927083333333317 0.06334722222222224
