2 0.22761979166666665 0.6494074074074074 0.025877604166666637 0.11409722222222214
1 0.18712760416666668 0.571300925925926 0.03263020833333332 0.1005231481481482
1 0.16766406250000002 0.4905601851851851 0.017080729166666645 0.10189351851851854
1 0.1804609375 0.5215416666666667 0.01770572916666667 0.08775462962962971
1 0.3466484375 0.483 0.016458333333333287 0.08190740740740744
1 0.3338802083333333 0.43699537037037034 0.013393229166666624 0.06919444444444446
1 0.26403645833333333 0.5139259259259259 0.01688281250000001 0.09027777777777778
1 0.23953645833333334 0.45815740740740735 0.011575520833333346 0.0725694444444444
1 0.19376822916666667 0.5175277777777777 0.02139322916666669 0.0966851851851852
1 0.16313802083333334 0.497125 0.021877604166666665 0.11298148148148146
1 0.17403385416666667 0.49654629629629626 0.010640624999999975 0.08720370370370377
0 0.15977604166666665 0.42991203703703706 0.0059583333333333615 0.009416666666666629
2 0.16772135416666664 0.46055555555555555 0.010158854166666665 0.07292129629629623
