1 0.35013020833333336 0.4789027777777778 0.011979166666666667 0.08478240740740746
1 0.32016145833333337 0.43531018518518516 0.01592968750000002 0.06858333333333327
2 0.23190104166666667 0.6467314814814815 0.019270833333333334 0.11487500000000005
1 0.16792447916666667 0.5732685185185186 0.02742968749999998 0.10438425925925916
1 0.16317187500000002 0.5203148148148149 0.020007812499999982 0.10458333333333338
1 0.20375520833333333 0.4989305555555556 0.02999218750000002 0.07481944444444451
1 0.2789505208333333 0.5132453703703703 0.020658854166666647 0.09172222222222218
1 0.24578906250000002 0.45855092592592595 0.015799479166666686 0.07302314814814816
1 0.1864140625 0.53425 0.018229166666666668 0.09600462962962958
1 0.18667447916666668 0.4935231481481481 0.01597135416666665 0.07946759259259263
1 0.1647578125 0.5146759259259259 0.01727343749999998 0.11124074074074078
0 0.15854947916666667 0.3981574074074074 0.00625 0.010935185185185135
2 0.17113802083333332 0.45721296296296304 0.0140625 0.06797685185185187
