2 0.2611145833333333 0.6311388888888889 0.027205729166666675 0.11171759259259256
1 0.1241171875 0.5921851851851851 0.02094791666666668 0.1082916666666666
1 0.27291145833333336 0.5793472222222222 0.022390625000000004 0.11086111111111113
1 0.2985546875 0.4380925925925926 0.016372395833333307 0.0663472222222222
1 0.1982734375 0.48111111111111116 0.019020833333333324 0.07447685185185181
1 0.16372395833333334 0.5132129629629629 0.016372395833333307 0.07790277777777777
1 0.16552864583333332 0.5382546296296297 0.01661197916666666 0.09801851851851842
1 0.24257552083333334 0.5538796296296297 0.02431770833333336 0.100162037037037
1 0.236796875 0.47832870370370373 0.010354166666666664 0.07319444444444441
1 0.15084114583333333 0.5215601851851852 0.017575520833333337 0.08346759259259258
1 0.15481510416666666 0.5121435185185186 0.014445312500000007 0.0808981481481481
0 0.15963020833333333 0.39893055555555557 0.005778645833333347 0.011129629629629613
2 0.16841927083333333 0.4537175925925926 0.014687500000000023 0.06420370370370368
