2 0.2504296875 0.6465231481481482 0.023677083333333352 0.11311111111111119
1 0.3977395833333333 0.5395185185185185 0.017893229166666677 0.10411111111111117
1 0.28793489583333337 0.5043333333333333 0.013375000000000033 0.09222222222222219
1 0.35969270833333333 0.47123611111111113 0.0140989583333333 0.08193981481481481
1 0.29218229166666665 0.43106944444444445 0.011388020833333339 0.06715740740740739
1 0.22584635416666668 0.5089907407407408 0.035606770833333336 0.08740277777777776
1 0.2270234375 0.47364351851851855 0.01301302083333334 0.11632407407407407
1 0.24130208333333333 0.4508333333333333 0.018075520833333355 0.06555092592592594
1 0.17912239583333334 0.5123657407407407 0.021328125000000024 0.08836574074074069
1 0.207140625 0.49019444444444443 0.024221354166666664 0.09607870370370375
1 0.21120572916666666 0.4672175925925926 0.017893229166666677 0.08611574074074078
0 0.2085859375 0.39299074074074075 0.006869791666666695 0.012851851851851847
2 0.16592968749999998 0.46014814814814814 0.016630208333333306 0.06876388888888887
