2 0.26400520833333335 0.6298518518518519 0.021908854166666696 0.11514351851851853
1 0.1229140625 0.5853379629629629 0.024317708333333347 0.10401388888888892
1 0.2659296875 0.5879074074074074 0.02672656249999997 0.11086111111111113
1 0.2702630208333333 0.4318888888888889 0.012760416666666666 0.06677314814814815
1 0.20910937500000001 0.46441666666666664 0.015169270833333333 0.07019907407407402
1 0.16589062499999999 0.4928842592592593 0.025039062500000025 0.10144444444444439
0 0.15902864583333332 0.4475092592592593 0.006981770833333319 0.012412037037037011
1 0.15758333333333333 0.5463888888888889 0.022872395833333316 0.0945972222222222
1 0.15830729166666666 0.5040092592592593 0.022872395833333316 0.11000462962962969
1 0.17082552083333333 0.47105092592592596 0.020466145833333314 0.09801851851851848
1 0.23655729166666667 0.5517361111111111 0.02094791666666668 0.10272685185185179
1 0.238 0.4860324074074074 0.021908854166666637 0.07062500000000003
2 0.1664921875 0.4505092592592592 0.011796874999999988 0.061208333333333295
