2 0.2721536458333333 0.6678333333333333 0.0255859375 0.12212962962962971
1 0.222234375 0.5971805555555556 0.03707291666666664 0.11305092592592596
1 0.12748697916666668 0.5620046296296296 0.01571614583333334 0.08314814814814811
0 0.12500781249999998 0.5941342592592592 0.006578124999999998 0.013324074074074167
1 0.35220052083333336 0.4892268518518519 0.020572916666666666 0.08834722222222219
1 0.3581536458333333 0.46147685185185183 0.0255859375 0.06587037037037041
1 0.1870390625 0.5095185185185185 0.020992187499999974 0.09064814814814819
1 0.24119010416666667 0.5516018518518518 0.02736197916666665 0.090587962962963
1 0.19602083333333334 0.5347962962962963 0.023705729166666658 0.09412037037037045
1 0.16536979166666665 0.5191064814814814 0.013575520833333361 0.09096759259259254
1 0.1480078125 0.529412037037037 0.0172838541666667 0.08149537037037047
1 0.23202604166666668 0.4618379629629629 0.016552083333333318 0.06514351851851849
2 0.1644036458333333 0.4587777777777778 0.015822916666666666 0.06458796296296301
