2 0.2608932291666667 0.6538981481481482 0.03394010416666668 0.1119583333333333
1 0.14266406250000002 0.592287037037037 0.02326041666666665 0.10048611111111119
1 0.20692968750000001 0.5651018518518518 0.027671875 0.10459259259259263
1 0.3051302083333333 0.4336527777777778 0.012330729166666643 0.0627175925925926
1 0.3579140625 0.48703703703703705 0.016843749999999956 0.09175462962962966
1 0.21011197916666668 0.47946296296296304 0.013786458333333347 0.0737546296296296
1 0.31485416666666666 0.507087962962963 0.018747395833333277 0.07625925925925922
1 0.15609895833333332 0.5490648148148148 0.018046874999999987 0.09710185185185174
1 0.22728125 0.5137685185185186 0.01945052083333335 0.0810694444444445
1 0.20790625000000001 0.4947407407407408 0.015187499999999984 0.07688425925925928
1 0.3098151041666667 0.4703657407407407 0.021304687499999985 0.05666203703703703
0 0.36192447916666665 0.44416666666666665 0.006416666666666634 0.010675925925925901
2 0.15777864583333334 0.45681944444444444 0.017393229166666656 0.06557870370370375
