2 0.24111979166666667 0.6530787037037038 0.022703125000000015 0.11593518518518522
1 0.2037421875 0.5935694444444444 0.03152343749999999 0.11825000000000004
0 0.20034375000000001 0.5444675925925926 0.007374999999999983 0.017481481481481584
1 0.194921875 0.5628472222222223 0.02111197916666665 0.10411111111111117
1 0.3599817708333333 0.4830277777777777 0.022703124999999956 0.08586111111111112
1 0.2993229166666667 0.4325138888888889 0.014749999999999966 0.06246759259259262
1 0.22940885416666665 0.46888888888888886 0.016338541666666668 0.07763425925925928
1 0.1882682291666667 0.5760879629629629 0.02111197916666665 0.10179629629629634
1 0.20930989583333334 0.5290416666666666 0.03427083333333331 0.08843055555555565
1 0.21805729166666668 0.4865 0.013591145833333347 0.0799490740740741
1 0.31132291666666667 0.4894537037037037 0.019377604166666628 0.08329166666666665
1 0.279078125 0.46079166666666665 0.01908593749999999 0.0712083333333333
2 0.16332552083333332 0.4529537037037037 0.012869791666666686 0.0678657407407407
