2 0.22777864583333332 0.6481990740740741 0.02578125 0.11425000000000009
1 0.18125 0.5742731481481482 0.030294270833333314 0.0985185185185186
1 0.177734375 0.525962962962963 0.017361979166666687 0.09020370370370377
1 0.34811197916666664 0.4826342592592593 0.014278645833333315 0.0842685185185185
1 0.33227083333333335 0.43573611111111116 0.015580729166666647 0.07081018518518521
1 0.17309114583333332 0.5037314814814815 0.019791666666666666 0.09063888888888894
1 0.26566927083333336 0.5158703703703703 0.021614583333333364 0.09032870370370376
1 0.24014843749999998 0.4594675925925926 0.011893229166666686 0.0719583333333333
1 0.19090625 0.521912037037037 0.02139843750000002 0.08827314814814818
1 0.1625859375 0.5140833333333333 0.0203125 0.10161111111111112
1 0.17706249999999998 0.5072546296296296 0.015234375 0.08980555555555557
2 0.16898958333333333 0.4586574074074074 0.014018229166666648 0.06972222222222219
0 0.1571171875 0.4035740740740741 0.005208333333333333 0.010138888888888932
