2 0.24249218749999998 0.6463796296296297 0.022395833333333334 0.11171296296296304
1 0.1823359375 0.5708148148148149 0.029861979166666684 0.103125
1 0.22235156250000002 0.4863472222222222 0.026216145833333353 0.07067129629629634
1 0.16488802083333332 0.49595833333333333 0.01961718749999998 0.12629166666666666
0 0.1564453125 0.4332685185185185 0.006554687500000019 0.010162037037037058
1 0.3562291666666667 0.4780185185185185 0.020182291666666668 0.08115740740740744
1 0.3082473958333333 0.4364259259259259 0.02109375 0.06711574074074075
1 0.28033854166666666 0.5087175925925925 0.01961718749999998 0.09074074074074075
1 0.24626822916666666 0.45969444444444446 0.01571093749999998 0.07227314814814821
1 0.19622395833333334 0.5182314814814816 0.024653645833333352 0.09177777777777774
1 0.18780468749999998 0.4840694444444444 0.018924479166666685 0.07290740740740742
1 0.16584114583333334 0.5049537037037037 0.017708333333333333 0.10598611111111109
2 0.17495572916666668 0.4536296296296297 0.009895833333333333 0.06820833333333336
