2 0.25653906249999997 0.6388425925925927 0.02479947916666664 0.11428703703703709
1 0.3363567708333333 0.5309768518518518 0.02744791666666669 0.10144444444444439
1 0.2842291666666667 0.44066203703703705 0.013723958333333286 0.06549074074074075
1 0.2426953125 0.45906944444444453 0.019742187499999987 0.07233796296296302
1 0.1481927083333333 0.5996759259259259 0.02431770833333336 0.09930555555555555
1 0.19237500000000002 0.5684305555555556 0.022151041666666652 0.10101851851851844
0 0.13772135416666667 0.6292129629629629 0.006742187500000026 0.0154074074074075
1 0.15493489583333334 0.5543055555555555 0.037802083333333354 0.08389351851851853
1 0.18767968750000003 0.5924027777777777 0.03442968750000001 0.1070092592592592
1 0.29145312500000004 0.5031574074074073 0.017575520833333278 0.07576388888888894
1 0.2631614583333333 0.4727638888888889 0.018299479166666664 0.07062499999999998
1 0.219703125 0.4819675925925926 0.022390625000000004 0.08132870370370374
2 0.1644453125 0.4552175925925926 0.017335937499999985 0.06720370370370368
