2 0.30736458333333333 0.6436296296296297 0.03416145833333329 0.11568055555555551
1 0.4198828125 0.545462962962963 0.026028645833333287 0.09479166666666666
1 0.3657473958333333 0.48232407407407407 0.023677083333333352 0.09254629629629633
1 0.31866145833333337 0.5122037037037036 0.02024479166666661 0.09639814814814811
1 0.3123359375 0.43556944444444445 0.018796874999999956 0.06587499999999999
1 0.27492187500000004 0.482962962962963 0.032895833333333346 0.06940740740740745
0 0.25775 0.4816805555555556 0.00505989583333335 0.010282407407407424
1 0.28612760416666666 0.45838425925925924 0.02964322916666665 0.08258333333333327
1 0.2724817708333333 0.4578981481481481 0.012471354166666664 0.05141203703703707
1 0.22684114583333334 0.5052962962962964 0.019882812499999975 0.08772222222222223
1 0.21771354166666665 0.5162222222222222 0.018617187500000004 0.09415277777777772
1 0.20533333333333334 0.49276388888888883 0.011929687499999985 0.08258333333333338
2 0.1667421875 0.46047222222222217 0.01319531250000002 0.06812499999999999
