2 0.25944531249999997 0.6451435185185185 0.03314062500000003 0.11323148148148145
1 0.19676041666666666 0.5508518518518518 0.02242447916666664 0.10087037037037042
1 0.16786979166666666 0.5253796296296296 0.026854166666666696 0.08269907407407412
0 0.15735677083333333 0.49334722222222227 0.005833333333333357 0.010925925925925884
1 0.228859375 0.4719027777777777 0.02332812499999998 0.06185185185185181
1 0.35744010416666666 0.47756944444444444 0.022062499999999947 0.08025462962962959
1 0.296609375 0.43387499999999996 0.013971354166666691 0.07200462962962961
1 0.28225260416666664 0.5052268518518518 0.02007291666666665 0.08925000000000004
1 0.20374479166666667 0.5095092592592593 0.026539062500000023 0.08308796296296292
1 0.18647395833333333 0.4884027777777778 0.024911458333333355 0.07948611111111113
1 0.17462760416666667 0.5066990740740741 0.023283854166666687 0.10638888888888892
2 0.179421875 0.4517361111111111 0.013697916666666643 0.06843055555555554
1 0.2401171875 0.4619398148148148 0.01573437500000002 0.06891666666666672
