2 0.25223697916666665 0.6470046296296296 0.024039062499999986 0.11343055555555545
1 0.4061458333333333 0.5396805555555556 0.02060677083333336 0.10122222222222216
1 0.36113802083333335 0.47187962962962965 0.013736979166666666 0.08001388888888886
1 0.29001302083333336 0.4297824074074074 0.011749999999999972 0.06458796296296296
1 0.29001302083333336 0.5070648148148148 0.015726562499999968 0.08997222222222223
1 0.2311796875 0.5101157407407407 0.030005208333333342 0.08387037037037036
1 0.18038802083333336 0.5126898148148149 0.018796875000000015 0.08772222222222223
1 0.20488020833333334 0.4937268518518519 0.026932291666666684 0.08965277777777782
1 0.21310416666666668 0.4707546296296296 0.016630208333333306 0.10796759259259256
1 0.22331770833333334 0.47075462962962966 0.016085937499999994 0.10668055555555558
0 0.223859375 0.4166111111111111 0.006325520833333324 0.009962962962962955
2 0.16511458333333331 0.45902314814814815 0.014278645833333315 0.06844444444444446
1 0.24292708333333335 0.4505092592592593 0.016268229166666672 0.06683796296296302
