1 0.33237239583333333 0.5066944444444444 0.027010416666666613 0.0941666666666667
1 0.19147395833333333 0.5053564814814815 0.01803645833333333 0.08448148148148149
1 0.16025520833333334 0.49950000000000006 0.02081250000000002 0.0937314814814815
1 0.23049739583333334 0.4549444444444445 0.013182291666666639 0.0687592592592593
0 0.162078125 0.4412222222222222 0.005723958333333338 0.011717592592592568
2 0.172484375 0.4549444444444445 0.010231770833333324 0.06752314814814817
2 0.26657291666666666 0.6471898148148149 0.042666666666666644 0.11469907407407408
1 0.2995260416666667 0.49025 0.02254687499999998 0.0783148148148148
1 0.199625 0.48747222222222225 0.021158854166666668 0.08694907407407405
1 0.17673177083333333 0.48917129629629624 0.012833333333333327 0.08725925925925927
1 0.31791145833333334 0.4390648148148148 0.009364583333333343 0.0666018518518518
1 0.408390625 0.5359675925925926 0.019578124999999957 0.10206944444444435
1 0.3575755208333333 0.4694814814814815 0.018697916666666713 0.08095370370370365
