2 0.26328125 0.6302824074074075 0.023354166666666655 0.11428703703703709
1 0.12315364583333335 0.5870509259259259 0.028651041666666675 0.10401388888888892
1 0.26845833333333335 0.5831990740740741 0.023114583333333362 0.10572685185185181
1 0.2806171875 0.4348842592592593 0.019020833333333324 0.0633472222222222
1 0.20862760416666667 0.46805555555555556 0.015651041666666643 0.0663472222222222
1 0.16504687499999998 0.48624999999999996 0.024799479166666673 0.0941666666666667
1 0.23595572916666668 0.5521666666666667 0.023596354166666642 0.10101851851851844
1 0.1581848958333333 0.5451018518518519 0.023596354166666642 0.09887500000000007
1 0.157703125 0.49437962962962956 0.019260416666666676 0.1070092592592592
1 0.1656484375 0.47832870370370373 0.011075520833333326 0.08518055555555551
1 0.23390885416666668 0.483037037037037 0.024799479166666673 0.0740509259259259
0 0.1581848958333333 0.42718055555555556 0.005778645833333347 0.012842592592592596
2 0.16829687499999998 0.453074074074074 0.014445312500000007 0.06549074074074071
