2 0.26328125 0.6279259259259259 0.021429687499999992 0.11299999999999996
1 0.123875 0.5819120370370371 0.023354166666666655 0.10058796296296295
1 0.26328125 0.5842685185185185 0.03009635416666668 0.10272685185185179
1 0.2637630208333333 0.43424074074074076 0.015169270833333304 0.06206481481481479
1 0.211515625 0.45842592592592596 0.017093750000000026 0.06677314814814815
1 0.16974218749999997 0.5119305555555556 0.022151041666666652 0.07790277777777777
0 0.16167708333333333 0.4785416666666667 0.005536458333333331 0.010273148148148174
1 0.15939062499999998 0.5487407407407408 0.02311458333333333 0.09844907407407412
1 0.240890625 0.5523796296296297 0.020466145833333314 0.10058796296296295
1 0.2382421875 0.486462962962963 0.023354166666666683 0.06805555555555555
1 0.15481510416666666 0.5198472222222221 0.015890624999999995 0.09545370370370368
1 0.1809375 0.48474999999999996 0.02431770833333336 0.0928842592592593
2 0.1673359375 0.45585648148148145 0.013963541666666638 0.06934259259259258
