2 0.2721458333333333 0.6671851851851851 0.024161458333333354 0.12125925925925929
1 0.216453125 0.600925925925926 0.025466145833333325 0.11208333333333328
1 0.12679947916666667 0.5766851851851852 0.02100260416666666 0.09426388888888895
0 0.1234140625 0.5683101851851852 0.007018229166666679 0.012624999999999992
1 0.19053645833333333 0.506462962962963 0.020151041666666637 0.08926388888888886
1 0.3527005208333333 0.4926481481481481 0.01975000000000004 0.09229629629629635
1 0.35174739583333337 0.4568287037037037 0.02346093750000004 0.07304166666666666
1 0.240890625 0.5652916666666666 0.020200520833333315 0.08282870370370364
1 0.14572135416666668 0.5314212962962962 0.014736979166666645 0.07891666666666668
1 0.20733072916666667 0.5369907407407408 0.02867447916666664 0.08969907407407407
1 0.1709375 0.517337962962963 0.01604166666666664 0.08355555555555556
1 0.23196875 0.46417592592592594 0.014588541666666661 0.06209259259259265
2 0.160359375 0.4607407407407408 0.010125000000000028 0.06842129629629629
