1 0.4266484375 0.5336944444444445 0.018229166666666668 0.10031018518518522
2 0.28052604166666667 0.6509768518518518 0.04137760416666663 0.11471296296296306
1 0.36762239583333334 0.5046296296296297 0.025174479166666687 0.09568055555555559
1 0.3611119791666667 0.4737638888888889 0.010994791666666615 0.08333333333333329
1 0.32740104166666667 0.4423888888888889 0.017072916666666653 0.06790277777777781
1 0.206453125 0.5064305555555556 0.024015625000000006 0.08590740740740738
1 0.15060677083333335 0.503087962962963 0.01475781250000002 0.08024537037037034
1 0.176359375 0.4945972222222222 0.01475781250000002 0.07664814814814812
1 0.22858854166666667 0.4552453703703704 0.010994791666666674 0.0689305555555556
1 0.20240104166666667 0.4845694444444445 0.01765104166666666 0.07716203703703707
1 0.2926796875 0.49074074074074076 0.022859375000000053 0.07818981481481475
2 0.1792526041666667 0.4524166666666667 0.011283854166666647 0.06738888888888886
0 0.1410598958333333 0.47556481481481483 0.00491927083333336 0.011833333333333309
