2 0.2722447916666667 0.6673657407407407 0.023960937500000026 0.12089814814814809
1 0.211390625 0.5988333333333333 0.019348958333333322 0.11573148148148149
1 0.12827864583333332 0.5758842592592593 0.017744791666666662 0.10013888888888897
0 0.1289296875 0.5372546296296297 0.006817708333333321 0.01324999999999995
1 0.19597656249999998 0.5024861111111111 0.019197916666666672 0.08812962962962968
1 0.35229947916666665 0.4896203703703703 0.02085416666666665 0.09621296296296299
1 0.342625 0.4517453703703704 0.016140625000000006 0.07572222222222219
1 0.24577864583333334 0.5606527777777778 0.02516406250000003 0.09531481481481487
1 0.21725520833333334 0.535162037037037 0.03649218750000003 0.07571759259259268
1 0.14727604166666666 0.5368518518518518 0.014638020833333343 0.08943981481481485
1 0.17544791666666668 0.5135462962962963 0.017846354166666658 0.08312037037037036
1 0.23311979166666666 0.46979166666666666 0.015890624999999995 0.05833796296296301
2 0.15898177083333334 0.46082870370370366 0.012583333333333316 0.06824999999999998
