1 0.39030468749999997 0.5386342592592592 0.021200520833333295 0.10040277777777773
1 0.35580989583333333 0.46927777777777774 0.013729166666666615 0.08217592592592587
1 0.2965520833333333 0.4332824074074074 0.011643229166666677 0.06765740740740746
1 0.28525520833333334 0.49847222222222226 0.013729166666666615 0.08619444444444442
2 0.24971875 0.6475324074074075 0.024677083333333332 0.11306944444444446
1 0.204796875 0.5108287037037037 0.02102604166666667 0.08248611111111115
1 0.24024739583333332 0.49831481481481477 0.019289062499999985 0.08032407407407408
1 0.23433854166666668 0.4527453703703703 0.010947916666666658 0.06827314814814817
1 0.17647135416666665 0.5117546296296297 0.018247395833333315 0.08866666666666666
1 0.1999296875 0.5015601851851851 0.02102604166666667 0.08248611111111115
1 0.21626562500000002 0.49043981481481475 0.02102604166666667 0.08125
2 0.17073697916666666 0.45799999999999996 0.014075520833333322 0.06642129629629626
0 0.17316927083333333 0.38539814814814816 0.006083333333333307 0.01266666666666662
