2 0.2863072916666667 0.6362407407407408 0.02639062500000004 0.11503703703703705
1 0.2863984375 0.5589583333333333 0.025125000000000005 0.08900925925925936
1 0.3494791666666667 0.5065833333333334 0.022231770833333307 0.09415277777777772
1 0.35074479166666667 0.45645370370370375 0.022593750000000058 0.06587499999999999
1 0.25892447916666667 0.491962962962963 0.03741406250000002 0.07840740740740747
0 0.26678645833333337 0.47428703703703706 0.004338541666666658 0.010282407407407424
1 0.20677864583333333 0.5086712962962963 0.016630208333333306 0.08932870370370367
1 0.2307265625 0.5120462962962963 0.016447916666666687 0.09415277777777772
1 0.19195572916666667 0.5022453703703703 0.013374999999999974 0.0816203703703704
1 0.27492187500000004 0.4937268518518519 0.014820312499999962 0.08322685185185184
1 0.31016666666666665 0.5154212962962963 0.024942708333333386 0.09704166666666672
1 0.27934895833333334 0.4619166666666667 0.024039062499999986 0.0549490740740741
2 0.18029947916666667 0.4529212962962963 0.012471354166666693 0.06844444444444446
