1 0.3533411458333333 0.4780555555555555 0.017708333333333333 0.08185185185185188
1 0.3133463541666667 0.4352037037037037 0.009591145833333314 0.06956018518518518
2 0.23904166666666665 0.6464305555555555 0.025390625 0.11237962962962952
1 0.1729609375 0.5666481481481481 0.024739583333333332 0.10837037037037034
1 0.21156770833333333 0.4961157407407407 0.023481770833333353 0.07659259259259261
1 0.16479947916666668 0.5018194444444445 0.02022656250000002 0.12074074074074077
1 0.1890052083333333 0.5320231481481482 0.018492187499999996 0.09914814814814808
1 0.188734375 0.49236574074074074 0.017226562500000025 0.07317129629629633
1 0.1670546875 0.503337962962963 0.023057291666666656 0.10668518518518522
1 0.2807630208333334 0.5133148148148148 0.017632812500000008 0.09075
1 0.24651302083333335 0.4593564814814815 0.014242187500000014 0.07408333333333332
0 0.15744791666666666 0.4066759259259259 0.0061041666666666805 0.013064814814814828
2 0.17309114583333332 0.45569907407407406 0.012794270833333362 0.06934259259259264
