1 0.4302786458333333 0.5435092592592593 0.02830729166666662 0.09973611111111104
2 0.28552343750000003 0.6455324074074074 0.02856510416666668 0.11162962962962958
1 0.37057552083333334 0.47831481481481486 0.017499999999999953 0.08280555555555562
1 0.22929427083333334 0.5075972222222223 0.02624999999999999 0.08372222222222224
1 0.23263802083333335 0.49387037037037035 0.02007291666666665 0.07548611111111114
1 0.29311458333333335 0.4257037037037037 0.011838541666666676 0.06633796296296295
1 0.2672526041666667 0.46481944444444445 0.019815104166666674 0.06770833333333333
1 0.2615911458333333 0.4538425925925926 0.01724218750000001 0.06770833333333333
1 0.3046953125 0.5123981481481481 0.014927083333333376 0.09607407407407406
1 0.193265625 0.5199490740740741 0.019557291666666643 0.09195833333333338
1 0.212953125 0.49821759259259263 0.016726562500000004 0.07319907407407414
2 0.16093489583333334 0.46131944444444445 0.01303124999999999 0.06998611111111115
