1 0.3916927083333333 0.5369351851851851 0.01911458333333336 0.10503703703703708
1 0.35311458333333334 0.4686574074074074 0.015640624999999984 0.07847222222222222
1 0.30654427083333335 0.43544907407407407 0.014596354166666714 0.06765740740740746
1 0.2796953125 0.4997083333333333 0.017552083333333357 0.08866666666666666
1 0.2884713541666667 0.4921388888888889 0.018419270833333338 0.08464814814814817
2 0.2498046875 0.6472222222222223 0.023807291666666685 0.11245370370370375
1 0.22938541666666667 0.45460185185185187 0.010427083333333325 0.0695092592592592
1 0.199234375 0.4912083333333333 0.01477083333333334 0.08403240740740735
1 0.17525520833333333 0.5072731481481482 0.018593750000000023 0.08156018518518522
1 0.18880989583333332 0.5097453703703704 0.018593750000000023 0.08156018518518522
1 0.18463802083333333 0.49646296296296294 0.015812500000000007 0.08650462962962958
0 0.16613020833333333 0.4037824074074074 0.005908854166666681 0.011120370370370362
2 0.17143229166666665 0.45475462962962965 0.014075520833333322 0.06611111111111115
