2 0.18859635416666667 0.43550925925925926 0.01525260416666665 0.08178703703703702
1 0.16138541666666667 0.46685648148148146 0.014520833333333332 0.07332407407407401
0 0.1694375 0.4487453703703704 0.004760416666666659 0.010629629629629647
1 0.16663020833333334 0.4823703703703704 0.03673177083333332 0.09003240740740737
1 0.17529427083333332 0.4998333333333334 0.01745052083333333 0.0889444444444444
1 0.18932812499999999 0.514912037037037 0.015986979166666693 0.08959722222222226
1 0.2005546875 0.5286851851851851 0.01940364583333333 0.0876435185185185
1 0.21513802083333333 0.5402916666666666 0.03148437500000002 0.09740740740740746
1 0.24161979166666667 0.4775972222222222 0.01781510416666669 0.07267592592592594
1 0.28249739583333333 0.4788981481481482 0.018059895833333308 0.07657870370370369
1 0.2988515625 0.47390740740740733 0.02465104166666663 0.0731111111111111
2 0.3271015625 0.6124259259259259 0.03233854166666662 0.13970833333333332
1 0.27224739583333335 0.47824537037037035 0.019523437499999977 0.08048611111111106
