2 0.26877604166666663 0.6445972222222222 0.023497395833333337 0.11246759259259252
1 0.42186979166666666 0.543375 0.02385937499999997 0.10218518518518509
1 0.36773697916666664 0.4758935185185185 0.018617187499999945 0.08033333333333333
1 0.2871223958333333 0.42946296296296294 0.014278645833333315 0.06137499999999997
1 0.30040625 0.5086712962962963 0.019882812499999975 0.08868981481481483
1 0.18490625 0.5168657407407408 0.018796875000000015 0.09093518518518522
1 0.23190364583333334 0.5077083333333334 0.023497395833333337 0.0867592592592593
1 0.22340625 0.5016018518518519 0.0206067708333333 0.07904629629629625
0 0.21915885416666667 0.49035648148148153 0.004518229166666643 0.008995370370370294
1 0.2035234375 0.4601481481481482 0.022414062499999984 0.10154166666666668
1 0.24347135416666665 0.47236111111111106 0.018796875000000015 0.07583333333333336
1 0.2516041666666667 0.4535601851851852 0.012291666666666678 0.06973148148148144
2 0.16330729166666666 0.4612731481481482 0.017171875000000014 0.06973148148148153
