2 0.2468828125 0.6529861111111112 0.02400520833333335 0.1149212962962963
1 0.16584375 0.5977592592592593 0.03389062500000003 0.10264814814814806
1 0.20499218749999998 0.5602407407407407 0.02683072916666666 0.09511574074074065
1 0.3618151041666666 0.49106481481481484 0.015690104166666666 0.08340277777777783
1 0.29873958333333334 0.4365324074074074 0.01726041666666672 0.06081018518518514
0 0.28485416666666663 0.42774537037037036 0.006119791666666667 0.01255092592592588
1 0.21777864583333334 0.47460648148148155 0.012867187500000021 0.08061111111111106
1 0.3146640625 0.499712962962963 0.01553385416666669 0.0817268518518519
1 0.2958359375 0.4617777777777778 0.025260416666666667 0.0722453703703704
1 0.2327630208333333 0.52175 0.02996874999999998 0.08675000000000005
1 0.21236458333333333 0.4902268518518519 0.017101562500000018 0.08117129629629627
