2 0.2665520833333333 0.6331249999999999 0.027260416666666655 0.13209259259259268
1 0.2922473958333333 0.48442129629629627 0.016002604166666618 0.09366203703703702
1 0.24560677083333332 0.4854907407407408 0.01629687499999998 0.08194907407407402
1 0.2475625 0.4327638888888889 0.01825520833333331 0.0586342592592593
1 0.15470052083333333 0.5250787037037037 0.022414062499999984 0.08107870370370375
1 0.16522135416666667 0.4756620370370371 0.012138020833333308 0.06506944444444447
0 0.15144531249999998 0.5211666666666667 0.006085937499999972 0.011902777777777795
1 0.23201822916666667 0.5196157407407407 0.02624999999999999 0.08987962962962957
1 0.2151015625 0.48929629629629634 0.02524479166666668 0.07757407407407405
1 0.22872916666666668 0.4468564814814815 0.00967447916666669 0.06534722222222226
1 0.18814322916666668 0.5137314814814815 0.03241927083333333 0.0746018518518518
1 0.15948958333333335 0.49133796296296295 0.01771874999999999 0.07349074074074069
2 0.19075260416666667 0.43657407407407406 0.011984374999999995 0.07722222222222225
