1 0.15796354166666668 0.5067222222222222 0.024044270833333315 0.08002314814814811
1 0.1973828125 0.5024953703703704 0.016216145833333327 0.08847222222222217
1 0.17599479166666668 0.49529166666666663 0.016494791666666644 0.08101388888888884
1 0.23023437500000002 0.4557777777777778 0.014817708333333356 0.06958333333333336
1 0.29830989583333334 0.4915601851851852 0.026838541666666653 0.07853240740740745
1 0.19909374999999999 0.4880231481481482 0.021255208333333307 0.08705092592592596
1 0.4189453125 0.5357453703703704 0.02312500000000005 0.10583796296296302
1 0.34440624999999997 0.5086296296296297 0.03640885416666665 0.09184259259259264
1 0.36110416666666667 0.471337962962963 0.012528645833333367 0.08107870370370365
1 0.32226302083333336 0.4388148148148148 0.014533854166666653 0.0686064814814815
2 0.27427864583333333 0.6479953703703704 0.0475859375 0.12195370370370373
2 0.17556770833333332 0.45208333333333334 0.011109375000000022 0.06668981481481484
0 0.14980729166666668 0.45408333333333334 0.005955729166666638 0.010587962962962912
