2 0.3048359375 0.6392916666666666 0.03886197916666667 0.11086111111111113
1 0.3349296875 0.554462962962963 0.027473958333333333 0.10764814814814815
1 0.3623125 0.49887037037037035 0.018617187499999945 0.0806527777777778
1 0.3438776041666667 0.4538842592592592 0.028739583333333367 0.06201851851851848
1 0.2767291666666667 0.48585648148148153 0.027473958333333333 0.06490740740740737
1 0.29606770833333335 0.487462962962963 0.024942708333333386 0.08418981481481477
1 0.27157812499999995 0.46850462962962963 0.02620833333333333 0.06683796296296292
1 0.3294166666666667 0.5186342592592592 0.020786458333333376 0.08290277777777785
1 0.236421875 0.5130092592592592 0.02385937500000003 0.08772222222222223
1 0.21590625000000002 0.5086712962962963 0.017533854166666647 0.08997222222222223
1 0.2008125 0.5001574074074073 0.014460937499999993 0.08258333333333338
2 0.17975520833333333 0.4578981481481481 0.01825520833333331 0.07133796296296298
