2 0.24013802083333333 0.6532685185185185 0.024320312500000028 0.11603703703703698
1 0.21236458333333333 0.5988749999999999 0.028398437499999988 0.09930092592592603
0 0.21495572916666666 0.5875787037037037 0.007531250000000019 0.015342592592592534
1 0.1973828125 0.5634490740740741 0.02259375 0.10543981481481482
1 0.23260677083333334 0.46596296296296297 0.017729166666666647 0.08005555555555559
1 0.3019557291666667 0.43179166666666663 0.013023437500000058 0.06471296296296294
1 0.35695052083333334 0.4843703703703704 0.014749999999999966 0.08228703703703709
1 0.20036197916666668 0.5824166666666667 0.04048177083333335 0.10264814814814806
1 0.2096197916666667 0.5370879629629629 0.03546093750000002 0.08117129629629627
1 0.21793489583333334 0.48506944444444444 0.017888020833333348 0.0820092592592592
1 0.30642708333333335 0.4885555555555555 0.016632812499999972 0.08563425925925922
1 0.27567447916666665 0.460662037037037 0.011296875000000029 0.07391666666666666
2 0.16325520833333332 0.45299074074074075 0.013651041666666686 0.0669444444444444
