2 0.2623489583333333 0.6318518518518518 0.02624479166666666 0.11123148148148138
1 0.31092447916666666 0.5476574074074074 0.01981249999999998 0.1028888888888888
1 0.19083072916666666 0.5794814814814815 0.023984374999999978 0.09732870370370371
1 0.33169270833333336 0.44755092592592594 0.01651041666666669 0.07384722222222227
1 0.18248697916666667 0.5110462962962963 0.016335937500000005 0.08218518518518518
1 0.21994270833333335 0.48648148148148146 0.01755468750000002 0.09856481481481486
1 0.25895833333333335 0.5451851851851851 0.02780729166666666 0.09547222222222213
1 0.2519192708333333 0.47149537037037037 0.020682291666666686 0.06735648148148149
0 0.224546875 0.43070833333333336 0.0062578124999999925 0.011740740740740694
1 0.21646614583333335 0.5198518518518519 0.02520052083333333 0.0911481481481482
1 0.21516145833333333 0.5003842592592592 0.03545572916666669 0.09856481481481486
1 0.16980208333333333 0.5084166666666667 0.012513020833333322 0.07693518518518516
2 0.17397135416666665 0.45172222222222225 0.010427083333333325 0.06426851851851854
