1 0.3603723958333333 0.4792638888888889 0.019270833333333334 0.0786666666666667
1 0.20568489583333335 0.5473518518518519 0.023958333333333335 0.10375462962962968
1 0.167859375 0.521263888888889 0.030598958333333332 0.0880231481481482
0 0.15590364583333333 0.4879305555555556 0.006335937499999981 0.0127175925925925
1 0.22552083333333334 0.46924537037037045 0.02335156250000002 0.062430555555555566
1 0.2916223958333333 0.4347962962962963 0.014408854166666648 0.06883796296296299
1 0.2825963541666667 0.4978518518518518 0.0203125 0.0862361111111111
1 0.23572135416666665 0.4600046296296296 0.018575520833333314 0.06857407407407413
1 0.20325520833333333 0.5056712962962963 0.027950520833333315 0.08834722222222219
1 0.18157552083333334 0.48874074074074075 0.016190104166666684 0.07977314814814812
1 0.17489062500000002 0.5072175925925926 0.022611979166666647 0.10377777777777776
2 0.18059895833333334 0.4470462962962962 0.010763020833333314 0.0636296296296296
2 0.261328125 0.6422685185185185 0.033768229166666684 0.11453703703703708
