2 0.24516927083333334 0.652050925925926 0.022414062499999984 0.11542129629629627
1 0.36280208333333336 0.49035648148148153 0.016195312500000014 0.08611574074074078
1 0.2982369791666667 0.43277314814814816 0.015182291666666714 0.06298148148148146
1 0.17742447916666665 0.5877824074074074 0.018507812499999984 0.12467592592592601
1 0.20193489583333332 0.56375 0.027908854166666684 0.1012824074074074
1 0.2219609375 0.46927777777777774 0.01127864583333332 0.06966666666666663
1 0.22651562500000003 0.5272453703703703 0.030221354166666655 0.08277777777777787
1 0.169140625 0.5620555555555555 0.015690104166666666 0.08535648148148144
1 0.21558333333333335 0.48869444444444443 0.014750000000000025 0.07866203703703702
0 0.23558593749999998 0.45717592592592593 0.007374999999999983 0.015064814814814798
1 0.3138020833333333 0.4960879629629629 0.016945312500000042 0.08507407407407401
1 0.2869713541666667 0.4624768518518519 0.019455729166666675 0.07308333333333339
2 0.16325520833333332 0.4534074074074074 0.013651041666666686 0.06499074074074068
