2 0.2721953125 0.6591666666666667 0.025867187499999982 0.12339351851851861
1 0.136296875 0.5651805555555556 0.018546875000000008 0.1258287037037037
1 0.208734375 0.5814907407407407 0.021054687499999978 0.11245370370370375
1 0.3554322916666666 0.4935833333333334 0.020601562500000035 0.072787037037037
1 0.3228255208333334 0.44643518518518516 0.0127317708333333 0.0676296296296296
1 0.20697916666666666 0.49233333333333335 0.01945052083333335 0.08276851851851856
1 0.28395052083333333 0.5306157407407408 0.027619791666666654 0.09443518518518519
1 0.2667057291666667 0.4800370370370371 0.014588541666666661 0.06779629629629633
1 0.21853385416666665 0.5157314814814815 0.03153124999999998 0.10174537037037036
1 0.1939453125 0.5013796296296297 0.019049479166666692 0.08018055555555557
1 0.15750260416666664 0.5458101851851852 0.021554687499999996 0.09451851851851845
0 0.26994010416666664 0.41681944444444446 0.006617187499999992 0.011902777777777795
2 0.15642447916666666 0.45879166666666665 0.012583333333333316 0.06483333333333331
