2 0.27475520833333333 0.6239212962962963 0.02208854166666668 0.1485555555555556
1 0.2525598958333333 0.5250509259259258 0.01756770833333334 0.08650462962962958
1 0.23534635416666666 0.48656944444444444 0.017843749999999995 0.07432407407407406
1 0.2300390625 0.43828703703703703 0.018919270833333356 0.05603240740740739
1 0.19229166666666667 0.5137361111111112 0.022427083333333365 0.08398148148148152
1 0.16215885416666667 0.4819398148148148 0.016859375000000003 0.06280555555555555
0 0.151390625 0.47135185185185186 0.00516927083333331 0.010143518518518557
1 0.21218229166666666 0.5307685185185186 0.022643229166666678 0.08874999999999991
1 0.23134635416666666 0.5042175925925926 0.023072916666666644 0.07238425925925922
1 0.21416666666666667 0.47985185185185186 0.020210937499999974 0.06697685185185188
1 0.16660416666666666 0.48928703703703696 0.03165624999999998 0.07709722222222226
1 0.22879427083333334 0.4474861111111112 0.014028645833333304 0.06170833333333337
2 0.1865859375 0.4359953703703704 0.01845833333333336 0.08030555555555557
