2 0.26795572916666666 0.6250416666666666 0.02891927083333335 0.14686111111111103
1 0.27780208333333334 0.49074074074074076 0.01907291666666661 0.11630092592592595
1 0.24377604166666667 0.4857222222222223 0.01575260416666667 0.08312500000000003
1 0.2400703125 0.43107407407407405 0.011783854166666666 0.06389814814814813
1 0.16389583333333332 0.519912037037037 0.017997395833333308 0.08365740740740732
0 0.15426822916666666 0.5328055555555555 0.005382812500000019 0.010624999999999916
1 0.16402083333333334 0.4829675925925926 0.011598958333333324 0.06238425925925926
1 0.22528385416666669 0.5266990740740741 0.024994791666666672 0.08727314814814825
1 0.19930989583333333 0.5125462962962962 0.03047656249999999 0.07400000000000007
1 0.21578385416666668 0.48780092592592594 0.027015625 0.07962499999999995
1 0.2286328125 0.4467638888888889 0.009645833333333324 0.06541666666666669
1 0.1631796875 0.49181481481481476 0.024867187500000002 0.07216666666666671
2 0.19046614583333332 0.43577314814814816 0.012273437500000029 0.07942129629629632
