2 0.25858593750000003 0.6330648148148148 0.02407812500000001 0.11128703703703709
1 0.17371614583333334 0.5827685185185185 0.027205729166666675 0.10144444444444439
1 0.30325 0.5504537037037037 0.020466145833333373 0.10615277777777776
1 0.32684635416666663 0.44836574074074076 0.015169270833333333 0.07148148148148152
1 0.1781692708333333 0.5110740740740741 0.016854166666666674 0.0821805555555556
1 0.20934895833333333 0.4913842592592593 0.020466145833333314 0.10443981481481483
0 0.21512760416666668 0.4278194444444445 0.006500000000000009 0.012412037037037011
1 0.2562994791666667 0.5470277777777778 0.02576302083333332 0.09502314814814815
1 0.24847395833333333 0.47212499999999996 0.019260416666666676 0.06506018518518522
1 0.20441406250000002 0.5215601851851852 0.020223958333333354 0.09202777777777787
1 0.20116406250000002 0.49951851851851853 0.028169270833333353 0.10272685185185179
1 0.16938281249999998 0.5097916666666668 0.017575520833333337 0.07447685185185181
2 0.17335416666666664 0.45136111111111116 0.012039062500000005 0.06292129629629628
