2 0.31134114583333333 0.6397731481481482 0.02657031250000005 0.11503703703703705
1 0.41003125 0.547875 0.04464583333333335 0.09190277777777767
1 0.32724739583333334 0.5168657407407408 0.03127083333333332 0.08772222222222223
1 0.3647526041666667 0.48633796296296294 0.02060677083333336 0.08193981481481487
1 0.32562239583333336 0.44327777777777777 0.022231770833333307 0.06523148148148153
1 0.276546875 0.4755740740740741 0.023497395833333337 0.0816203703703704
1 0.22250260416666665 0.5125277777777778 0.021690104166666658 0.09318518518518523
1 0.226390625 0.5051342592592593 0.02114843750000001 0.08483333333333339
1 0.20596354166666667 0.4935694444444444 0.01500260416666664 0.08097685185185184
0 0.27121614583333337 0.43926388888888884 0.004880208333333276 0.008356481481481461
1 0.2717578125 0.46754166666666663 0.014640624999999978 0.07326388888888884
1 0.2910989583333333 0.4628796296296296 0.0392239583333333 0.07937037037037034
2 0.16936197916666668 0.4614351851851852 0.015182291666666655 0.06683796296296292
