2 0.26147656250000006 0.6324212962962963 0.025520833333333364 0.11428703703703709
1 0.1353125 0.585550925925926 0.02407812500000001 0.09502314814814815
0 0.1261640625 0.5506666666666666 0.006260416666666657 0.01326851851851845
1 0.30216666666666664 0.5598703703703704 0.026484374999999952 0.10187037037037035
1 0.26051302083333333 0.4359537037037037 0.013484374999999993 0.06549074074074075
1 0.22909375 0.45992592592592596 0.019984375000000002 0.07148148148148152
1 0.187921875 0.5365416666666667 0.024317708333333302 0.08346759259259258
1 0.27700520833333336 0.5196342592592593 0.019502604166666635 0.09587962962962959
1 0.1669739583333333 0.5757083333333333 0.017575520833333337 0.10615277777777776
1 0.15156510416666666 0.5538796296296297 0.02624479166666666 0.100162037037037
1 0.205859375 0.48539351851851853 0.017335937499999985 0.07875925925925921
1 0.24040885416666666 0.4860324074074074 0.029132812500000032 0.07319444444444441
2 0.1681770833333333 0.4558564814814815 0.014205729166666655 0.06762962962962965
