2 0.2503359375 0.6534074074074073 0.023377604166666663 0.11352777777777769
1 0.150546875 0.5969212962962962 0.024947916666666656 0.10655555555555549
1 0.20593229166666666 0.5553611111111111 0.029341145833333353 0.09762962962962968
1 0.35475260416666665 0.48953240740740744 0.024476562499999945 0.08702777777777779
1 0.30077864583333336 0.43793055555555555 0.019143229166666723 0.05523148148148146
1 0.21385677083333335 0.4797685185185185 0.012552083333333346 0.08535648148148144
1 0.16074479166666666 0.5588472222222222 0.020554687500000016 0.08786574074074073
1 0.22813541666666665 0.5105925925925926 0.02259375 0.08061111111111106
1 0.21071874999999998 0.49162500000000003 0.01349479166666665 0.07670833333333336
1 0.3148229166666667 0.5020833333333333 0.018984375000000022 0.07921759259259264
1 0.3071328125 0.4691712962962963 0.028713541666666724 0.06192592592592592
2 0.16084375 0.45622685185185186 0.01759114583333332 0.06682870370370367
