2 0.2617265625 0.6458796296296296 0.024942708333333355 0.11374999999999992
1 0.415453125 0.543375 0.02006249999999999 0.10282870370370377
1 0.36394010416666667 0.473162037037037 0.01825520833333331 0.07872685185185188
1 0.29615885416666665 0.5077083333333334 0.019700520833333356 0.08868981481481483
1 0.28793489583333337 0.4297824074074074 0.0140989583333333 0.06330092592592594
1 0.23172135416666664 0.5072268518518518 0.023497395833333337 0.08579629629629631
1 0.22458333333333333 0.4979074074074074 0.017533854166666647 0.07743981481481481
1 0.18508854166666666 0.5173472222222222 0.021690104166666658 0.09254629629629633
1 0.20280208333333333 0.4665787037037037 0.02277343750000001 0.1060416666666667
1 0.23081770833333334 0.47300462962962964 0.01915885416666665 0.06683796296296292
1 0.24780729166666668 0.45307870370370373 0.013736979166666666 0.07005092592592595
2 0.16493489583333334 0.4614351851851852 0.015726562500000027 0.0700509259259259
