2 0.264125 0.6296388888888889 0.021669270833333344 0.11299999999999996
1 0.2676145833333334 0.585550925925926 0.029614583333333312 0.09673611111111102
1 0.12736718749999998 0.5799861111111111 0.030335937499999986 0.08817592592592595
1 0.17708593749999998 0.5123564814814815 0.019502604166666694 0.071912037037037
1 0.21753645833333335 0.45992592592592596 0.018057291666666645 0.068912037037037
1 0.2554557291666667 0.4363842592592593 0.020705729166666666 0.05607407407407413
0 0.16480729166666666 0.5110740740740741 0.005057291666666686 0.011986111111111052
1 0.15613802083333334 0.5570879629629629 0.017093750000000026 0.10401388888888892
1 0.2526875 0.5367546296296297 0.02672656249999997 0.09245370370370362
1 0.23390885416666668 0.48945833333333333 0.03009635416666665 0.07233796296296297
1 0.15 0.5440324074074073 0.015890624999999995 0.08988888888888882
1 0.18852343749999997 0.49374074074074076 0.015408854166666685 0.07662037037037037
2 0.1679375 0.45564351851851853 0.014205729166666655 0.06805555555555555
