2 0.2581770833333333 0.6324722222222222 0.024854166666666653 0.109375
1 0.2965 0.5572361111111112 0.024679687499999995 0.10659722222222222
1 0.16223958333333333 0.58875 0.024158854166666664 0.09856481481481486
1 0.3224817708333333 0.4467777777777778 0.014078124999999986 0.07168055555555553
1 0.17345052083333332 0.5088796296296296 0.015294270833333339 0.09083796296296298
1 0.19995572916666668 0.4966759259259259 0.015468750000000024 0.0911481481481482
1 0.25035677083333335 0.5450324074074074 0.023463541666666643 0.10072685185185193
1 0.24496874999999999 0.47025925925925927 0.013382812500000027 0.06859259259259258
1 0.19109114583333334 0.5303564814814814 0.029372395833333325 0.08867592592592591
1 0.16528125 0.5090370370370371 0.017726562499999984 0.07261111111111113
1 0.18370572916666666 0.5019305555555555 0.02189843749999998 0.10350462962962965
0 0.19821614583333333 0.4070740740740741 0.006778645833333327 0.014523148148148098
2 0.17188541666666665 0.4541944444444444 0.010776041666666696 0.06797222222222224
