2 0.2396015625 0.6525648148148148 0.024002604166666684 0.11644907407407416
1 0.21220052083333335 0.5987083333333334 0.02819791666666666 0.1033425925925925
1 0.1949921875 0.566574074074074 0.01749739583333335 0.10539814814814807
1 0.35665625 0.48842592592592593 0.014893229166666681 0.07146296296296302
1 0.3030807291666667 0.4335416666666667 0.011856770833333386 0.06298148148148146
1 0.23620312499999999 0.4633611111111111 0.018942708333333336 0.07429166666666667
1 0.21444270833333334 0.5719722222222222 0.028630208333333348 0.08997222222222229
0 0.21870833333333334 0.5625925925925926 0.007374999999999983 0.01465277777777782
1 0.2105390625 0.5386851851851852 0.03615104166666665 0.07480555555555553
1 0.30561197916666666 0.48932870370370374 0.018942708333333277 0.08508796296296295
1 0.2750286458333333 0.46207870370370374 0.013013020833333281 0.07275000000000005
1 0.21755208333333334 0.4836712962962963 0.018075520833333355 0.08097685185185184
2 0.16332552083333332 0.4530787037037037 0.013158854166666659 0.06863888888888889
