2 0.284921875 0.6199537037037036 0.025893229166666625 0.14403240740740747
1 0.23132552083333333 0.5406388888888889 0.03150260416666668 0.09528240740740739
1 0.23789322916666666 0.5007314814814815 0.03566666666666667 0.07881944444444444
1 0.22965885416666668 0.4852592592592593 0.02329687500000001 0.06703703703703708
1 0.22744791666666667 0.4389953703703704 0.014260416666666664 0.06385185185185188
1 0.16399739583333334 0.4753472222222222 0.021309895833333314 0.068625
0 0.1546875 0.4544398148148148 0.005000000000000012 0.011319444444444465
1 0.19466406249999998 0.5313009259259259 0.024388020833333357 0.09174074074074068
1 0.21310677083333335 0.48597685185185185 0.024354166666666663 0.07813425925925925
1 0.24778125 0.4915462962962963 0.024226562499999993 0.064712962962963
1 0.24393489583333333 0.44932407407407404 0.02038020833333333 0.05914351851851852
1 0.16963541666666665 0.4751481481481481 0.03150260416666668 0.08384259259259255
2 0.18844791666666666 0.4365509259259259 0.016312500000000025 0.07956481481481488
