2 0.2478515625 0.6546527777777778 0.027072916666666676 0.11361574074074067
1 0.23794791666666668 0.571037037037037 0.02915625000000001 0.10829629629629633
1 0.14759635416666667 0.5092175925925926 0.016322916666666683 0.07591666666666667
0 0.13575520833333332 0.5097407407407407 0.0054244791666666625 0.01184722222222229
1 0.18890885416666667 0.5083564814814815 0.021455729166666694 0.08797222222222222
1 0.34415885416666664 0.4901018518518518 0.011721354166666724 0.08522222222222219
1 0.3454661458333333 0.447912037037037 0.01404427083333329 0.07350462962962963
1 0.25407552083333335 0.512837962962963 0.020437500000000004 0.0893425925925926
1 0.18171614583333331 0.5225231481481482 0.025088541666666644 0.08804629629629622
1 0.16747916666666668 0.5242037037037037 0.02160156250000001 0.0810694444444445
1 0.17009375 0.508962962962963 0.01404427083333335 0.08882407407407414
1 0.23441145833333332 0.45325 0.013270833333333343 0.06800000000000005
2 0.16941666666666666 0.4579398148148149 0.013658854166666679 0.069462962962963
