2 0.26340104166666667 0.6296388888888889 0.020223958333333326 0.1138564814814814
1 0.12363541666666666 0.5819120370370371 0.023354166666666683 0.09716203703703699
1 0.2644869791666667 0.5814861111111111 0.027687499999999983 0.10058796296296295
1 0.25605989583333333 0.4385231481481482 0.021429687499999992 0.05179166666666662
1 0.21488802083333333 0.45949537037037036 0.017575520833333337 0.07062500000000003
1 0.173234375 0.512787037037037 0.017093750000000026 0.0796157407407407
1 0.24365885416666666 0.542537037037037 0.015890624999999995 0.10058796296296295
1 0.23727864583333333 0.4890324074074074 0.022390625000000004 0.0740509259259259
1 0.158546875 0.5530231481481481 0.017093750000000026 0.10358333333333344
1 0.14963802083333333 0.5380416666666668 0.013723958333333345 0.10358333333333324
1 0.18382812499999998 0.5001574074074073 0.023835937499999994 0.07233796296296297
2 0.16757552083333332 0.45478703703703705 0.014927083333333317 0.06463425925925921
0 0.1669739583333333 0.5085046296296296 0.005536458333333331 0.011129629629629613
