2 0.23019791666666667 0.649699074074074 0.027218749999999996 0.11266666666666672
1 0.19682812500000002 0.5678472222222222 0.024216145833333334 0.11053703703703693
1 0.16019010416666665 0.49070370370370375 0.028041666666666683 0.09951388888888886
0 0.15704166666666666 0.4354212962962963 0.006442708333333336 0.013759259259259271
1 0.18217708333333332 0.5210138888888889 0.01661197916666666 0.09778240740740743
1 0.3458411458333333 0.4828055555555555 0.015591145833333304 0.0817083333333334
1 0.33714062499999997 0.4383888888888889 0.011447916666666676 0.06971759259259255
1 0.2584375 0.5120509259259259 0.013442708333333305 0.09065740740740744
1 0.198484375 0.5209166666666667 0.034833333333333334 0.09224074074074085
1 0.16270052083333333 0.4920231481481481 0.023906249999999987 0.10713888888888892
1 0.17081770833333335 0.49631018518518516 0.01853645833333335 0.09562500000000003
1 0.23875 0.4569953703703703 0.012859375000000029 0.07113425925925924
2 0.16801041666666666 0.4586851851851852 0.011447916666666676 0.06906018518518522
