2 0.24877604166666664 0.6453564814814815 0.025544270833333313 0.11360648148148142
1 0.3563776041666667 0.47771759259259255 0.022830729166666685 0.07996296296296292
1 0.3048828125 0.4366435185185185 0.021835937499999975 0.06726388888888887
1 0.1876953125 0.5626111111111111 0.026539062500000023 0.10629166666666673
1 0.16592447916666667 0.5105694444444444 0.02531770833333334 0.10829629629629633
1 0.2280677083333333 0.48182870370370373 0.024458333333333353 0.0733472222222222
0 0.15776562500000002 0.46305555555555555 0.006828125000000007 0.012032407407407412
1 0.2810546875 0.5085879629629629 0.02156510416666665 0.08895370370370365
1 0.24459375 0.45949074074074076 0.018083333333333347 0.0730138888888889
1 0.20281770833333335 0.5163425925925925 0.029296875 0.09353703703703702
1 0.18719791666666669 0.4883657407407407 0.026630208333333332 0.07876388888888894
1 0.16992708333333334 0.5062175925925926 0.01776822916666667 0.10413888888888892
2 0.17648177083333336 0.4526481481481482 0.010986979166666681 0.06901851851851848
