2 0.2652526041666667 0.6542222222222221 0.03523958333333332 0.11350462962962966
1 0.14015885416666668 0.5822916666666667 0.015640624999999984 0.10229166666666659
1 0.20753125 0.5680324074074075 0.024062500000000025 0.10835648148148157
1 0.35630989583333333 0.47677777777777774 0.018848958333333363 0.1122731481481481
1 0.3102682291666667 0.4395277777777778 0.016190104166666684 0.06807870370370368
1 0.21111458333333333 0.48257407407407404 0.015989583333333356 0.0750185185185185
1 0.30873958333333335 0.5092268518518519 0.017744791666666634 0.07946759259259263
1 0.15790364583333333 0.5485277777777777 0.021955729166666653 0.097111111111111
1 0.2979114583333333 0.4690231481481481 0.018648437500000035 0.06468981481481477
1 0.22768229166666665 0.5167962962962963 0.017744791666666693 0.08999074074074079
1 0.20276822916666667 0.49710185185185185 0.011630208333333355 0.07698148148148153
0 0.3531015625 0.4267037037037037 0.006315104166666667 0.011379629629629595
2 0.15594791666666669 0.4568240740740741 0.015640624999999984 0.06556018518518525
