1 0.21528645833333335 0.543138888888889 0.02896875 0.09312962962962956
1 0.2749088541666667 0.47495370370370377 0.019963541666666657 0.07112037037037032
1 0.26026302083333336 0.45238888888888895 0.021695312500000015 0.05927777777777781
1 0.22038020833333333 0.4995601851851852 0.02550781250000001 0.0788842592592592
1 0.16586979166666668 0.4674398148148148 0.01627864583333333 0.07248611111111108
1 0.17912239583333334 0.5290925925925926 0.017656249999999988 0.08192129629629621
1 0.16942708333333334 0.4786990740740741 0.031596354166666646 0.08870370370370366
1 0.23632552083333333 0.47249537037037037 0.012208333333333361 0.07262037037037032
1 0.2842161458333334 0.4643796296296296 0.025700520833333348 0.056384259259259245
2 0.3064739583333333 0.6185694444444444 0.031502604166666615 0.1428148148148148
1 0.19384114583333334 0.490324074074074 0.014229166666666692 0.08368055555555555
2 0.18970572916666667 0.4367407407407408 0.012484375000000015 0.08150000000000003
0 0.17029427083333332 0.44431944444444443 0.004906249999999978 0.009361111111111124
