1 0.33334375 0.5298935185185185 0.032325520833333364 0.09949074074074078
1 0.2338463541666667 0.5705231481481481 0.034236979166666674 0.09918055555555556
2 0.2727760416666667 0.6329351851851852 0.021723958333333352 0.1115416666666666
1 0.34081770833333336 0.4490925925925926 0.014947916666666691 0.07507870370370373
1 0.1941328125 0.5090370370370371 0.022940104166666645 0.08373148148148155
1 0.23897135416666665 0.497912037037037 0.023984374999999978 0.09670833333333327
0 0.2504427083333333 0.43271759259259257 0.005908854166666681 0.012050925925925913
1 0.28198697916666665 0.526337962962963 0.026937500000000014 0.08991203703703705
1 0.26973437499999997 0.4580555555555556 0.016335937500000005 0.07075462962962965
1 0.2470546875 0.4996111111111112 0.020682291666666686 0.08774999999999998
1 0.2268072916666667 0.512898148148148 0.01911718750000002 0.08651388888888883
1 0.1810989583333333 0.5098101851851852 0.02155208333333333 0.08404166666666671
2 0.17788281250000001 0.4560462962962963 0.011643229166666677 0.07415277777777782
