0 0.15433333333333332 0.39037037037037037 0.006742187500000026 0.012842592592592596
2 0.258828125 0.6300694444444445 0.03081770833333331 0.11299999999999996
1 0.12243229166666666 0.5904768518518518 0.024799479166666673 0.10401388888888892
1 0.2730338541666667 0.5797731481481482 0.02359635416666667 0.10914814814814824
1 0.2912109375 0.43360185185185185 0.012278645833333357 0.07019907407407402
1 0.20260677083333334 0.4789722222222222 0.019020833333333324 0.07704629629629633
1 0.16396354166666666 0.5102175925925926 0.014445312500000007 0.071912037037037
1 0.16360416666666666 0.5418935185185185 0.019984375000000002 0.09587962962962959
1 0.240890625 0.5530231481481481 0.02672656250000003 0.09930555555555555
1 0.2349921875 0.4813240740740741 0.015408854166666685 0.07662037037037037
1 0.15108333333333332 0.5174953703703703 0.019020833333333324 0.08817592592592595
1 0.15361197916666666 0.5076481481481482 0.011075520833333326 0.0796157407407407
2 0.16781770833333332 0.4526481481481482 0.013963541666666638 0.0663472222222222
