2 0.22836458333333332 0.6484027777777778 0.024174479166666648 0.11461111111111108
1 0.175 0.5728611111111112 0.030643229166666685 0.10674537037037045
1 0.17476041666666667 0.5228518518518518 0.019401041666666667 0.09565277777777784
1 0.1772994791666667 0.5117407407407407 0.01996614583333335 0.08083796296296303
1 0.34856770833333334 0.48202777777777783 0.013367187499999982 0.08548148148148142
1 0.3264973958333333 0.43547685185185186 0.011934895833333315 0.0713333333333333
1 0.26881510416666665 0.5151712962962963 0.020963541666666665 0.09249537037037035
1 0.24201302083333334 0.4595555555555555 0.01597135416666665 0.07256018518518514
1 0.1846796875 0.5258703703703704 0.017361979166666687 0.09965277777777778
1 0.16048177083333334 0.5149953703703705 0.019315104166666687 0.1075138888888889
1 0.17782031250000002 0.5078194444444445 0.022395833333333334 0.0925416666666666
2 0.16861979166666666 0.4592314814814815 0.01475781250000002 0.07011574074074071
0 0.1557734375 0.39566203703703706 0.005729166666666666 0.012069444444444416
