2 0.2607526041666667 0.6304953703703703 0.02744791666666669 0.1138564814814814
1 0.12339583333333333 0.5872638888888889 0.0291328125 0.10272685185185179
1 0.27098697916666664 0.5812731481481481 0.022872395833333316 0.10615277777777776
1 0.28507031250000003 0.4359537037037037 0.019260416666666676 0.06720370370370374
1 0.20561718750000002 0.47126851851851853 0.014445312500000007 0.06506018518518522
1 0.16516927083333333 0.5014444444444444 0.021187499999999974 0.0808981481481481
1 0.16227864583333332 0.5444629629629629 0.02311458333333333 0.09844907407407412
1 0.2361953125 0.5528055555555556 0.021187499999999974 0.09801851851851842
1 0.2317421875 0.4813240740740741 0.021429687499999992 0.07490740740740744
1 0.15505468749999998 0.49994444444444447 0.019260416666666676 0.10443981481481483
1 0.16167708333333333 0.4905277777777778 0.012278645833333357 0.071912037037037
2 0.16841927083333333 0.4547870370370371 0.014205729166666655 0.06634722222222225
0 0.15577864583333334 0.4006388888888889 0.005778645833333347 0.013699074074074035
