1 0.3901302083333333 0.5363148148148148 0.021200520833333295 0.10318518518518524
1 0.3538098958333334 0.46896759259259263 0.01668229166666665 0.07785185185185184
1 0.30489322916666667 0.43513888888888885 0.01616145833333332 0.0658055555555556
1 0.26527083333333334 0.49939814814814815 0.01546614583333336 0.08495833333333327
1 0.18950520833333334 0.5137638888888889 0.017898437500000006 0.07908796296296293
1 0.28177864583333334 0.4947638888888889 0.02102604166666661 0.0855740740740741
1 0.23077604166666665 0.45506481481481487 0.011122395833333344 0.06858333333333327
1 0.1756875 0.5054212962962963 0.018072916666666692 0.08403240740740746
1 0.20158072916666667 0.4902824074074074 0.015986979166666693 0.0852685185185185
1 0.19019791666666666 0.5029490740740741 0.013729166666666674 0.07537962962962966
2 0.17090885416666665 0.457537037037037 0.012338541666666696 0.06981944444444442
0 0.16586979166666668 0.39435648148148145 0.006429687500000014 0.01266666666666662
2 0.24997916666666667 0.6470694444444445 0.024502604166666647 0.11276388888888897
