2 0.3426328125 0.610662037037037 0.023731770833333363 0.1428333333333333
2 0.1893359375 0.43526388888888884 0.01517968749999999 0.0830648148148148
1 0.15996875 0.4672916666666666 0.01583854166666665 0.07391203703703703
1 0.1653802083333333 0.4709305555555556 0.037221354166666686 0.06335185185185187
1 0.16419270833333333 0.5137546296296297 0.021382812499999973 0.09033796296296301
1 0.1680859375 0.5261898148148147 0.026528645833333305 0.08987037037037032
1 0.22972395833333334 0.5424953703703703 0.03708854166666668 0.0919814814814814
1 0.22173958333333335 0.5325231481481482 0.025606770833333313 0.08517592592592593
1 0.22985677083333333 0.47350925925925924 0.01517968749999999 0.08118518518518525
1 0.29578385416666664 0.4852453703703704 0.02217447916666669 0.07602314814814816
1 0.2604765625 0.4715185185185185 0.02468229166666669 0.08142129629629624
1 0.31551562499999997 0.48770833333333335 0.02019531250000005 0.07297222222222217
0 0.1660390625 0.44746759259259256 0.005544270833333324 0.010791666666666642
