1 0.16573958333333336 0.46624074074074073 0.018101562499999998 0.07361574074074073
0 0.17072395833333334 0.44363425925925926 0.005348958333333324 0.010685185185185152
1 0.1693984375 0.4799305555555556 0.03412760416666665 0.09218518518518513
1 0.18716666666666668 0.4896527777777778 0.018471354166666683 0.08246759259259265
1 0.18522135416666666 0.5283842592592592 0.014247395833333343 0.08865277777777768
1 0.21466927083333334 0.5439166666666666 0.030898437500000025 0.09793055555555565
1 0.21835416666666668 0.500625 0.026341145833333357 0.08143518518518522
1 0.23753125 0.47448148148148156 0.013833333333333305 0.06980092592592592
1 0.2758854166666667 0.47426388888888893 0.01896875000000001 0.0811435185185185
1 0.2845833333333333 0.4657962962962964 0.0192994791666667 0.0650925925925926
1 0.27621614583333337 0.4586527777777778 0.0212890625 0.05905092592592596
2 0.3122916666666667 0.6170324074074074 0.023856770833333367 0.14814814814814814
2 0.18787239583333332 0.4350925925925926 0.01822395833333334 0.08025925925925932
