2 0.244953125 0.6524351851851852 0.03181250000000002 0.11876388888888899
1 0.20526041666666667 0.6024351851851851 0.048440104166666664 0.096912037037037
1 0.3508723958333333 0.49433796296296295 0.01865364583333336 0.07043518518518513
1 0.30756510416666666 0.43765740740740744 0.016773437499999964 0.06349537037037041
1 0.24076041666666667 0.46117592592592593 0.015328124999999974 0.07455092592592591
1 0.19665625 0.5745462962962963 0.029208333333333353 0.09871296296296286
1 0.21971875000000002 0.5755740740740741 0.04526041666666666 0.08791666666666671
1 0.18978645833333332 0.5354722222222221 0.04439322916666667 0.07814814814814823
1 0.21610416666666668 0.4840555555555555 0.01952083333333334 0.07968981481481487
1 0.271703125 0.4645185185185185 0.015328125000000003 0.06992129629629629
1 0.30141927083333336 0.48726851851851855 0.017208333333333315 0.080462962962963
0 0.18400260416666667 0.592925925925926 0.00708593750000001 0.015166666666666767
2 0.16383072916666666 0.4542361111111111 0.01301302083333334 0.06683796296296302
