1 0.3066796875 0.4858333333333334 0.022528645833333392 0.08256481481481483
2 0.26662500000000006 0.6421990740740741 0.026442708333333353 0.11252314814814823
1 0.152765625 0.5230925925925927 0.020565104166666674 0.08502777777777772
0 0.1454375 0.4899027777777778 0.005695312499999971 0.011587962962963055
1 0.16767447916666667 0.46944444444444444 0.0119140625 0.06132407407407409
1 0.24985156249999999 0.4856712962962963 0.020015624999999974 0.08043518518518525
1 0.2516015625 0.4313425925925926 0.012856770833333305 0.06134722222222222
1 0.23922916666666666 0.5062592592592593 0.020877604166666685 0.09035648148148151
1 0.21379166666666669 0.48885185185185187 0.029161458333333338 0.07639814814814815
1 0.22828125000000002 0.4470231481481482 0.010895833333333311 0.06482407407407412
1 0.15895833333333334 0.4957777777777778 0.017062499999999994 0.0801944444444444
1 0.16999999999999998 0.5163703703703704 0.017192708333333327 0.07012962962962964
2 0.19210416666666666 0.4403564814814815 0.015572916666666655 0.07119444444444444
