2 0.25946614583333333 0.6463611111111112 0.027653645833333317 0.11343055555555545
1 0.4114765625 0.5430555555555555 0.027294270833333318 0.10282870370370377
1 0.3610494791666667 0.47284259259259254 0.015364583333333333 0.07937037037037034
1 0.288296875 0.4309074074074074 0.013736979166666666 0.06490740740740743
1 0.23271614583333333 0.5075462962962963 0.024039062499999986 0.08515277777777776
1 0.224671875 0.48425 0.015182291666666655 0.10475462962962963
0 0.22647916666666665 0.4368518518518519 0.006507812500000002 0.011245370370370354
1 0.18382291666666667 0.5131712962962963 0.0206067708333333 0.08740277777777776
1 0.2454583333333333 0.45179629629629625 0.01301302083333334 0.06940740740740739
1 0.20379687500000002 0.4848935185185185 0.02006249999999999 0.11053703703703709
1 0.21762239583333332 0.48087500000000005 0.01409895833333336 0.08450925925925924
1 0.29118750000000004 0.5073842592592592 0.016630208333333365 0.08932870370370367
2 0.16502604166666668 0.4596666666666666 0.014460937499999993 0.06908796296296292
