1 0.3933932291666667 0.5393518518518519 0.025716145833333332 0.09837962962962964
2 0.2503255208333333 0.6467037037037038 0.0234375 0.11168981481481481
1 0.28585677083333333 0.49903240740740745 0.012471354166666634 0.08611574074074069
1 0.35752343750000004 0.4696296296296296 0.011567708333333352 0.08193981481481481
1 0.29408072916666667 0.43267592592592596 0.011929687499999985 0.06587499999999999
1 0.23036718750000001 0.49726388888888884 0.015364583333333333 0.07551388888888895
1 0.21247135416666665 0.5109212962962962 0.023317708333333322 0.0829027777777778
1 0.17650260416666666 0.5126898148148149 0.017171875000000014 0.08772222222222223
1 0.236421875 0.4522777777777778 0.015544270833333347 0.06780092592592595
1 0.20280208333333333 0.49903240740740745 0.01952083333333334 0.08225925925925924
1 0.21590625000000002 0.48328703703703707 0.016447916666666687 0.0944722222222222
2 0.16927343749999998 0.46014814814814814 0.018979166666666696 0.06748148148148148
0 0.18996875 0.3802962962962963 0.00505989583333335 0.009962962962962955
