2 0.27272135416666665 0.666074074074074 0.02451302083333336 0.12294907407407416
1 0.21051302083333334 0.5906342592592593 0.017794270833333313 0.1171620370370371
1 0.12897916666666667 0.5640277777777778 0.01754427083333332 0.11743518518518511
1 0.20156510416666668 0.5016574074074074 0.021554687499999996 0.08925925925925929
1 0.35388020833333333 0.4845416666666666 0.017695312499999952 0.10744444444444441
1 0.33796354166666664 0.4525 0.022757812499999967 0.0715324074074074
0 0.17058593749999998 0.47795370370370377 0.00681770833333335 0.011546296296296322
1 0.2570807291666667 0.5511064814814816 0.014588541666666661 0.09943518518518528
1 0.1516119791666667 0.5428194444444444 0.024611979166666666 0.09355555555555552
1 0.22146614583333332 0.5347962962962963 0.030778645833333347 0.0871388888888888
1 0.18376822916666666 0.5077916666666666 0.02075260416666668 0.08340277777777783
1 0.24266927083333334 0.4699722222222222 0.024463541666666682 0.061189814814814794
2 0.15735156250000001 0.4595462962962963 0.011630208333333355 0.06920833333333334
