2 0.28034375 0.6453981481481481 0.03398177083333331 0.11150462962962959
1 0.42837760416666665 0.5441805555555556 0.030726562499999943 0.09929166666666657
1 0.36891145833333333 0.4783055555555556 0.018796874999999956 0.08129629629629626
1 0.28784375 0.429625 0.012109375 0.061055555555555606
1 0.3026666666666667 0.5077083333333334 0.0150026041666667 0.09318518518518523
1 0.23145052083333334 0.5075462962962963 0.023317708333333322 0.08450925925925924
1 0.22810677083333333 0.4948518518518519 0.02096614583333333 0.08097685185185184
0 0.22268489583333334 0.4665787037037037 0.005421874999999983 0.010925925925925884
1 0.20786197916666668 0.4717175925925926 0.013374999999999974 0.10604166666666665
1 0.19114322916666668 0.5187916666666667 0.02114843750000001 0.08836574074074069
1 0.25747916666666665 0.46850462962962963 0.02548697916666664 0.07647685185185188
1 0.2599192708333333 0.4551712962962962 0.018075520833333355 0.06651388888888887
2 0.16050520833333334 0.4615972222222222 0.014820312500000021 0.06780092592592589
