2 0.4747395833333333 0.27870370370370373 0.0421875 0.17592592592592593
2 0.16015625 0.8949074074074074 0.0734375 0.2101851851851852
1 0.56875 0.5643518518518519 0.046875 0.375
1 0.08802083333333334 0.7351851851851852 0.06770833333333333 0.35
1 0.5416666666666666 0.6587962962962963 0.11354166666666667 0.32685185185185184
1 0.37421875 0.5884259259259259 0.07135416666666666 0.32685185185185184
1 0.2513020833333333 0.4222222222222222 0.049479166666666664 0.2537037037037037
1 0.34375 0.812962962962963 0.09166666666666666 0.37407407407407406
1 0.02421875 0.3902777777777778 0.0484375 0.24722222222222223
1 0.5913437500000001 0.5953564814814815 0.05004166666666663 0.2822824074074074
0 0.5941328124999999 0.6418287037037037 0.011869791666666648 0.021805555555555512
1 0.24746614583333332 0.5058888888888889 0.11491145833333336 0.2621944444444445
