2 0.15520833333333334 0.8958333333333334 0.08333333333333333 0.20833333333333334
1 0.08515625 0.7425925925925926 0.07864583333333333 0.34814814814814815
0 0.6208333333333333 0.5050925925925925 0.022916666666666665 0.03796296296296296
1 0.5614583333333333 0.5648148148148148 0.036458333333333336 0.37777777777777777
1 0.53125 0.6615740740740741 0.08229166666666667 0.3194444444444444
1 0.36041666666666666 0.5615740740740741 0.05625 0.30277777777777776
1 0.27291666666666664 0.4476851851851852 0.08854166666666667 0.25462962962962965
1 0.22734375 0.5023148148148148 0.07760416666666667 0.262037037037037
1 0.6041666666666666 0.5916666666666667 0.06041666666666667 0.29074074074074074
1 0.3815104166666667 0.8180555555555555 0.09114583333333333 0.3638888888888889
1 0.040625 0.38981481481481484 0.05520833333333333 0.25555555555555554
2 0.4703125 0.28055555555555556 0.04895833333333333 0.17407407407407408
