1 0.026041666666666668 0.6166666666666667 0.052083333333333336 0.2351851851851852
0 0.465625 0.7333333333333333 0.030208333333333334 0.053703703703703705
1 0.21328125 0.5319444444444444 0.06510416666666667 0.2601851851851852
1 0.30963541666666666 0.6050925925925926 0.1171875 0.3101851851851852
1 0.2833333333333333 0.5699074074074074 0.090625 0.30092592592592593
1 0.225 0.4912037037037037 0.08854166666666667 0.24537037037037038
1 0.4432291666666667 0.8486111111111111 0.10520833333333333 0.30277777777777776
2 0.446875 0.2513888888888889 0.03333333333333333 0.2175925925925926
1 0.4234375 0.4185185185185185 0.059375 0.22592592592592592
1 0.5057291666666667 0.5050925925925925 0.06979166666666667 0.262037037037037
1 0.4627604166666667 0.6763888888888889 0.1421875 0.3990740740740741
2 0.17161458333333332 0.8458333333333333 0.08385416666666666 0.30833333333333335
1 0.0328125 0.83125 0.065625 0.3365740740740741
