2 0.41171875 0.924074074074074 0.07864583333333333 0.15185185185185185
1 0.275 0.5796296296296296 0.109375 0.3111111111111111
1 0.12072135416666667 0.5997037037037036 0.0710625 0.3287731481481482
1 0.08047916666666667 0.5327314814814815 0.06421354166666668 0.28919444444444437
1 0.1609765625 0.3986342592592592 0.05825000000000002 0.25638888888888883
1 0.132296875 0.3146388888888889 0.0661484375 0.20767129629629627
2 0.48960937499999996 0.2874259259259259 0.04468489583333337 0.16576388888888888
1 0.5383411458333334 0.4725833333333333 0.13159374999999998 0.2608425925925926
1 0.500171875 0.3825138888888889 0.07779427083333333 0.18508796296296295
1 0.5251875 0.41567592592592595 0.06304687499999997 0.20513888888888895
1 0.5889557291666667 0.4177314814814815 0.07316666666666667 0.16400925925925922
0 0.6271927083333334 0.41333333333333333 0.017184895833333276 0.031819444444444456
