2 0.32708333333333334 0.8634259259259259 0.09166666666666666 0.27314814814814814
2 0.42709114583333335 0.2686851851851852 0.04691927083333335 0.17484722222222226
1 0.38964583333333336 0.5611666666666666 0.068875 0.291412037037037
1 0.37596093750000004 0.48470370370370375 0.0541380208333333 0.27109259259259255
1 0.34543229166666667 0.4518194444444444 0.05624479166666667 0.25879629629629625
1 0.2912942708333333 0.27643981481481483 0.03759635416666664 0.2128101851851852
1 0.19144010416666665 0.3312453703703704 0.04842447916666668 0.20586111111111116
1 0.14256510416666668 0.49780555555555556 0.08000520833333334 0.19997685185185182
0 0.14346614583333334 0.5082314814814815 0.02225781250000001 0.04117129629629622
1 0.08255989583333333 0.5413842592592593 0.10617187500000001 0.2764398148148149
1 0.14858072916666665 0.40583796296296293 0.04571614583333332 0.2042546296296296
1 0.09053125 0.31092592592592594 0.05774739583333333 0.20158333333333336
