2 0.16640625 0.8453703703703703 0.07239583333333334 0.3074074074074074
2 0.4388020833333333 0.24351851851851852 0.033854166666666664 0.20925925925925926
1 0.026302083333333334 0.5800925925925926 0.05260416666666667 0.1935185185185185
1 0.209375 0.5800925925925926 0.040625 0.3175925925925926
1 0.17838541666666666 0.4898148148148148 0.12135416666666667 0.26666666666666666
1 0.4390625 0.8486111111111111 0.10104166666666667 0.30277777777777776
0 0.446875 0.725 0.020833333333333332 0.05740740740740741
1 0.3028645833333333 0.5662037037037037 0.09322916666666667 0.287962962962963
1 0.4354166666666667 0.41712962962962963 0.05520833333333333 0.22314814814814815
1 0.33125 0.5893518518518519 0.10729166666666666 0.30462962962962964
1 0.46197916666666666 0.6754629629629629 0.14479166666666668 0.3972222222222222
1 0.5125 0.5013888888888889 0.057291666666666664 0.2712962962962963
1 0.03307291666666667 0.7898148148148149 0.06614583333333333 0.37222222222222223
