1 0.08436718750000001 0.33202777777777776 0.044966145833333325 0.22874074074074072
1 0.43764322916666665 0.3438981481481482 0.047192708333333284 0.21449074074074073
1 0.6373177083333333 0.6399166666666667 0.09126822916666673 0.26989814814814816
0 0.6766484375 0.6003472222222223 0.022169270833333362 0.0369768518518518
1 0.481921875 0.5409675925925926 0.05535937499999998 0.3013333333333334
1 0.3092447916666667 0.40591203703703704 0.05282031249999998 0.2462222222222223
1 0.09427864583333333 0.6938981481481481 0.059575520833333326 0.3417638888888889
2 0.3828359375 0.8715648148148147 0.0803984375 0.2568703703703704
2 0.49296093750000003 0.2790972222222222 0.041484375000000046 0.1766435185185185
1 0.513578125 0.5210972222222222 0.05738281249999998 0.2958796296296296
1 0.53046875 0.5763009259259259 0.06582812499999999 0.3038287037037037
1 0.5443802083333333 0.570337962962963 0.08222135416666661 0.2671759259259259
