1 0.5871796875 0.5736388888888888 0.0805234375 0.3429212962962963
2 0.385546875 0.8722222222222222 0.08098958333333334 0.25555555555555554
2 0.5267812500000001 0.3010138888888889 0.03504687500000004 0.18011111111111108
0 0.5756640625 0.3625555555555556 0.02360677083333324 0.04135185185185182
1 0.5015026041666667 0.3783148148148148 0.05534375 0.2329768518518519
1 0.5485546874999999 0.5523750000000001 0.1049088541666667 0.3131157407407407
1 0.5212057291666667 0.5576712962962963 0.1002916666666667 0.3195370370370371
1 0.4467135416666667 0.48230555555555554 0.07705208333333337 0.2738240740740741
1 0.4894453125 0.5052407407407407 0.0599609375 0.2733518518518519
1 0.30345833333333333 0.40966666666666673 0.044908854166666616 0.2569444444444445
1 0.06966666666666667 0.34564351851851854 0.033335937499999996 0.24264351851851848
1 0.10221354166666667 0.670162037037037 0.06370572916666668 0.35058333333333325
