2 0.3765625 0.9064814814814814 0.0875 0.18703703703703703
2 0.4663359375 0.29151388888888885 0.03904166666666668 0.1820046296296296
1 0.6767291666666666 0.5071944444444444 0.07577083333333334 0.1876574074074074
1 0.6034166666666666 0.4570648148148148 0.0743255208333333 0.243699074074074
1 0.62178125 0.5110509259259258 0.08097656249999995 0.275574074074074
0 0.5841848958333333 0.5891990740740741 0.020822916666666677 0.039074074074074115
1 0.48325260416666665 0.5701759259259259 0.08328906249999998 0.291
1 0.3985182291666666 0.31182407407407403 0.04627083333333329 0.19280092592592596
1 0.3346041666666667 0.3753194444444445 0.07808333333333337 0.22724537037037032
1 0.3817447916666667 0.6077083333333334 0.10873958333333332 0.3012824074074074
1 0.27589583333333334 0.5357268518518519 0.12377864583333333 0.2550092592592593
1 0.18537760416666668 0.7051342592592592 0.06940885416666666 0.3768611111111111
