2 0.3729296875 0.9071296296296296 0.08355468749999997 0.18574074074074065
1 0.20633072916666664 0.7260416666666667 0.08116927083333335 0.3704490740740741
1 0.25629427083333334 0.5399074074074074 0.06172916666666669 0.2867777777777778
1 0.40089583333333334 0.3816666666666666 0.06309375000000005 0.2261481481481481
1 0.43022656249999996 0.3128518518518518 0.04604166666666672 0.19765277777777782
2 0.4667161458333334 0.29041666666666666 0.03649218750000003 0.1818888888888889
1 0.45836197916666666 0.5690092592592593 0.09344531249999997 0.39348611111111104
1 0.5161692708333333 0.5935648148148148 0.08901302083333332 0.282537037037037
0 0.5431119791666668 0.5029259259259259 0.022848958333333277 0.03819907407407418
1 0.586765625 0.5523379629629629 0.062411458333333295 0.28617129629629634
1 0.5891510416666667 0.4771574074074074 0.07196093749999997 0.2679861111111111
1 0.7010130208333333 0.47079166666666666 0.05354427083333325 0.2285740740740741
