1 0.0421875 0.8004629629629629 0.084375 0.3712962962962963
0 0.56484375 0.7662037037037037 0.025520833333333333 0.04537037037037037
2 0.1859375 0.8444444444444444 0.1125 0.3111111111111111
2 0.4635416666666667 0.25972222222222224 0.03854166666666667 0.21388888888888888
1 0.45859375 0.8592592592592593 0.09947916666666666 0.2814814814814815
1 0.515625 0.7143518518518519 0.17604166666666668 0.3212962962962963
1 0.4934895833333333 0.5407407407407407 0.06927083333333334 0.2388888888888889
1 0.2565104166666667 0.5194444444444445 0.0734375 0.2777777777777778
1 0.28151041666666665 0.38842592592592595 0.08177083333333333 0.18425925925925926
1 0.31223958333333335 0.5805555555555556 0.07447916666666667 0.32222222222222224
1 0.3536458333333333 0.5175925925925926 0.109375 0.22407407407407406
1 0.4234375 0.4462962962962963 0.04479166666666667 0.2518518518518518
