2 0.16794270833333333 0.8534444444444444 0.14242187499999998 0.29310648148148144
2 0.3955677083333333 0.23489814814814813 0.055156250000000046 0.16537962962962965
1 0.6783541666666667 0.6911574074074075 0.08067708333333339 0.35198148148148134
1 0.40441927083333334 0.7083564814814814 0.10084635416666667 0.36003240740740744
0 0.5390885416666666 0.4726296296296297 0.02982291666666672 0.048736111111111154
1 0.32113281250000003 0.4643287037037037 0.06808333333333334 0.2667083333333334
1 0.32188541666666665 0.4308564814814815 0.07380729166666669 0.24260648148148148
1 0.071546875 0.728625 0.08284375000000001 0.35935648148148147
1 0.11116145833333334 0.5245787037037036 0.07892708333333331 0.3336527777777778
1 0.07486197916666668 0.35694907407407406 0.092484375 0.2051157407407407
1 0.017924479166666667 0.2059212962962963 0.03584895833333333 0.19012037037037036
1 0.054223958333333336 0.2019027777777778 0.047596354166666674 0.17459259259259263
