2 0.35963541666666665 0.887962962962963 0.07760416666666667 0.22407407407407406
2 0.497859375 0.2874027777777778 0.03788541666666667 0.18200462962962966
0 0.5124635416666666 0.29562499999999997 0.020822916666666677 0.04112962962962959
1 0.3989505208333333 0.5763425925925927 0.05465885416666663 0.34858333333333336
1 0.4589609375 0.5660601851851852 0.0751927083333334 0.34446759259259263
1 0.5033541666666667 0.5963935185185185 0.08936197916666663 0.3167083333333334
1 0.45447916666666666 0.5655462962962963 0.06622656249999999 0.29613888888888884
1 0.12478906250000002 0.698962962962963 0.061598958333333335 0.3552685185185186
1 0.16845833333333332 0.396912037037037 0.05697135416666666 0.25603703703703695
1 0.211984375 0.3814861111111111 0.04395833333333332 0.256037037037037
1 0.16397656249999998 0.24421296296296297 0.043380208333333316 0.2025694444444444
1 0.011424479166666666 0.31310648148148146 0.02284635416666667 0.14704166666666674
