2 0.3020833333333333 0.8625 0.08333333333333333 0.275
2 0.44726302083333336 0.2748703703703704 0.03653906249999998 0.1840462962962963
1 0.4317005208333333 0.5605648148148148 0.061575520833333286 0.28388888888888897
1 0.40818750000000004 0.5010185185185185 0.0686796875 0.2862962962962963
1 0.3636979166666666 0.44237499999999996 0.03315625000000004 0.2772731481481481
1 0.37080208333333337 0.3061435185185185 0.03924479166666662 0.19487500000000002
1 0.23716406250000002 0.467337962962963 0.12111979166666664 0.2321666666666667
0 0.16763802083333335 0.44899074074074075 0.022666666666666658 0.04029629629629628
1 0.2275234375 0.35065277777777776 0.04296614583333334 0.13232407407407404
1 0.23733333333333334 0.323587962962963 0.04770312500000002 0.2273518518518518
1 0.15664322916666668 0.2953194444444444 0.06428125 0.2225416666666667
1 0.037385416666666664 0.5674814814814815 0.07476822916666667 0.2616388888888888
