2 0.41171875 0.9194444444444444 0.07864583333333333 0.15925925925925927
1 0.28297395833333333 0.5806898148148149 0.09958333333333336 0.3096574074074075
1 0.11526822916666667 0.6300509259259259 0.061476562499999984 0.35714814814814816
1 0.11142708333333333 0.5373472222222223 0.08819010416666664 0.27582870370370366
1 0.1917473958333333 0.39455555555555555 0.05196093749999999 0.23094444444444445
1 0.22596093750000001 0.2956712962962963 0.040617187500000006 0.20622222222222225
2 0.48412499999999997 0.29144444444444445 0.03513020833333336 0.1795509259259259
1 0.5273046874999999 0.4199259259259259 0.06220833333333336 0.18410185185185185
1 0.5986614583333334 0.5002685185185185 0.10758333333333331 0.25891666666666674
1 0.5536536458333334 0.39487962962962964 0.06074479166666672 0.18475462962962966
1 0.638 0.4469212962962963 0.058182291666666684 0.15612962962962965
0 0.6687630208333334 0.5221296296296296 0.019197916666666735 0.03169444444444446
