1 0.03177083333333333 0.34675925925925927 0.04479166666666667 0.23796296296296296
2 0.5192708333333333 0.2949074074074074 0.03333333333333333 0.175
2 0.3703125 0.8787037037037037 0.08020833333333334 0.24259259259259258
1 0.10520833333333333 0.6180555555555556 0.06770833333333333 0.31574074074074077
1 0.41692708333333334 0.6106481481481482 0.07760416666666667 0.30833333333333335
1 0.26223958333333336 0.3824074074074074 0.043229166666666666 0.23703703703703705
1 0.5385416666666667 0.5282407407407408 0.075 0.3472222222222222
1 0.4979166666666667 0.4898148148148148 0.05520833333333333 0.2574074074074074
1 0.55234375 0.5138888888888888 0.08072916666666667 0.3277777777777778
1 0.5877604166666667 0.42824074074074076 0.06302083333333333 0.2101851851851852
1 0.38359375 0.5657407407407408 0.10364583333333334 0.24074074074074073
0 0.5603385416666666 0.1826851851851852 0.023638020833333447 0.03047685185185187
