2 0.3626979166666667 0.22343055555555555 0.04407812499999994 0.20804629629629626
2 0.19202864583333332 0.8537083333333333 0.08665625 0.29258333333333336
1 0.46551041666666665 0.8635694444444444 0.10537239583333337 0.27286111111111117
1 0.49237239583333337 0.6659953703703704 0.18058854166666669 0.3115185185185186
1 0.5509531249999999 0.5797037037037037 0.07036458333333329 0.3139583333333334
0 0.42793489583333333 0.820212962962963 0.0319427083333333 0.057726851851851876
1 0.27180208333333333 0.5894074074074074 0.07498958333333335 0.3058703703703703
1 0.18200260416666666 0.539125 0.06831770833333331 0.3058703703703703
1 0.07214322916666666 0.4431435185185185 0.08880468749999999 0.23069907407407406
1 0.40383854166666666 0.4366481481481481 0.05624218749999995 0.2397037037037037
1 0.054901041666666664 0.40721296296296305 0.08291145833333333 0.19968981481481482
1 0.4071484375 0.40661574074074075 0.07756770833333336 0.2083009259259259
1 0.5687031250000001 0.5457037037037037 0.0817005208333334 0.24718518518518523
