2 0.375 0.9064814814814814 0.09166666666666666 0.18703703703703703
2 0.4669921875 0.2912592592592593 0.03735937500000001 0.17927777777777779
1 0.36020833333333335 0.30468981481481483 0.06092968749999995 0.20737500000000003
1 0.6743098958333333 0.4987407407407407 0.06744791666666666 0.19462962962962968
1 0.48255729166666667 0.5138009259259259 0.07950260416666666 0.2548749999999999
1 0.6221770833333333 0.49410648148148145 0.08243489583333338 0.26066666666666666
1 0.583890625 0.45616666666666666 0.04691927083333335 0.24502777777777776
1 0.367375 0.6015601851851852 0.0928619791666667 0.306425925925926
1 0.16210156250000002 0.6757037037037037 0.08764843749999998 0.3377083333333332
1 0.260828125 0.5418935185185185 0.13913020833333334 0.24502777777777773
1 0.3035130208333333 0.3753611111111111 0.05245833333333335 0.2212777777777778
0 0.6361666666666667 0.5434444444444444 0.02236458333333336 0.036731481481481545
