2 0.2890625 0.8782407407407408 0.10520833333333333 0.24351851851851852
2 0.4589453125 0.27445833333333336 0.06600520833333334 0.17975
1 0.5886067708333333 0.642962962962963 0.07317447916666661 0.32961111111111113
0 0.6206197916666666 0.5601203703703703 0.0254635416666666 0.04878240740740736
1 0.4729114583333333 0.6499953703703704 0.05982552083333334 0.3304907407407408
1 0.40196354166666665 0.5276018518518518 0.08256770833333332 0.29401388888888896
1 0.35474479166666667 0.6143981481481481 0.10086197916666666 0.3041249999999999
1 0.11520052083333333 0.7170185185185185 0.05784635416666665 0.37400000000000005
1 0.16921614583333333 0.4091574074074074 0.05463281249999999 0.2505046296296297
1 0.120390625 0.2902777777777778 0.044497395833333335 0.23248611111111114
1 0.1307734375 0.22787037037037036 0.045981770833333345 0.1911759259259259
1 0.0096328125 0.338837962962963 0.019265625 0.22065277777777775
