2 0.3609375 0.8856481481481482 0.07395833333333333 0.22870370370370371
1 0.09505208333333333 0.6962962962962963 0.07239583333333334 0.34444444444444444
2 0.49946093750000004 0.28617592592592594 0.039760416666666624 0.1807777777777778
0 0.5318307291666666 0.23582407407407407 0.02498177083333335 0.04378703703703703
1 0.49154427083333335 0.5651574074074074 0.07600000000000004 0.3021250000000001
1 0.4144869791666667 0.5607824074074074 0.07670572916666671 0.28711574074074075
1 0.43630208333333337 0.5257499999999999 0.055593750000000004 0.27585648148148145
1 0.3541432291666667 0.5554629629629629 0.0939453125 0.32777314814814823
1 0.27092968749999996 0.45037499999999997 0.05770572916666668 0.27648148148148144
1 0.20812239583333333 0.40252314814814816 0.048908854166666654 0.25834259259259257
1 0.18542708333333333 0.24895833333333334 0.0534817708333333 0.2026712962962963
