2 0.4109375 0.8800925925925925 0.07604166666666666 0.23981481481481481
2 0.42818489583333336 0.26012962962962966 0.04826822916666664 0.16810648148148147
1 0.36695833333333333 0.5664675925925926 0.04606250000000003 0.30699537037037045
1 0.3997421875 0.4635462962962963 0.050216145833333316 0.2803425925925926
1 0.34735937499999997 0.474625 0.0614166666666667 0.2671759259259259
1 0.15444270833333332 0.4860231481481481 0.10259895833333334 0.23410185185185184
0 0.1814453125 0.48104629629629625 0.022218749999999985 0.042388888888888865
1 0.20700520833333333 0.3285138888888889 0.048770833333333326 0.231212962962963
1 0.16519010416666668 0.23747222222222225 0.04461718749999998 0.1737314814814815
1 0.0380234375 0.31486574074074075 0.064125 0.2154768518518519
1 0.05735156249999999 0.5616481481481482 0.07098958333333334 0.2800231481481481
1 0.07523437499999999 0.43978240740740737 0.11036718749999999 0.28676388888888893
