1 0.023177083333333334 0.5370370370370371 0.04635416666666667 0.14629629629629629
1 0.43776041666666665 0.8467592592592592 0.09427083333333333 0.30648148148148147
0 0.41484375 0.7314814814814815 0.013020833333333334 0.05
2 0.16848958333333333 0.8444444444444444 0.07552083333333333 0.3111111111111111
2 0.4200520833333333 0.2449074074074074 0.0421875 0.2064814814814815
1 0.03125 0.7097222222222223 0.0625 0.3101851851851852
1 0.20104166666666667 0.587037037037037 0.06875 0.3037037037037037
1 0.13203125 0.4888888888888889 0.09947916666666666 0.2611111111111111
1 0.31145833333333334 0.5430555555555555 0.09270833333333334 0.275
1 0.43776041666666665 0.41435185185185186 0.05364583333333333 0.225
1 0.5171875 0.5138888888888888 0.059375 0.26666666666666666
1 0.46458333333333335 0.6782407407407407 0.15 0.39351851851851855
1 0.37083333333333335 0.5944444444444444 0.115625 0.3074074074074074
