1 0.21875 0.549074074074074 0.05 0.3
0 0.5447916666666667 0.22314814814814815 0.025 0.03888888888888889
2 0.47213541666666664 0.2898148148148148 0.04739583333333333 0.1814814814814815
2 0.3731770833333333 0.9069444444444444 0.0828125 0.18611111111111112
1 0.40390625 0.6134259259259259 0.058854166666666666 0.30092592592592593
1 0.53125 0.6041666666666666 0.07916666666666666 0.27870370370370373
1 0.6861979166666666 0.4375 0.03697916666666667 0.2324074074074074
1 0.38567708333333334 0.3087962962962963 0.04739583333333333 0.19907407407407407
1 0.4075520833333333 0.36435185185185187 0.049479166666666664 0.23425925925925925
1 0.5630208333333333 0.6537037037037037 0.075 0.2833333333333333
1 0.5567708333333333 0.4236111111111111 0.051041666666666666 0.14907407407407408
1 0.5911458333333334 0.5912037037037037 0.06979166666666667 0.30277777777777776
