2 0.15989583333333332 0.850462962962963 0.08229166666666667 0.29907407407407405
2 0.4708333333333333 0.2638888888888889 0.04375 0.20555555555555555
1 0.18411458333333333 0.3962962962962963 0.08802083333333334 0.25925925925925924
1 0.04453125 0.7944444444444444 0.07135416666666666 0.387037037037037
0 0.58671875 0.6236111111111111 0.025520833333333333 0.041666666666666664
1 0.5302083333333333 0.6944444444444444 0.07708333333333334 0.3333333333333333
1 0.3729166666666667 0.44537037037037036 0.09479166666666666 0.22962962962962963
1 0.32369791666666664 0.5685185185185185 0.09010416666666667 0.2962962962962963
1 0.23515625 0.49583333333333335 0.05572916666666667 0.2712962962962963
1 0.446875 0.8425925925925926 0.09270833333333334 0.3148148148148148
1 0.5869791666666667 0.612037037037037 0.08333333333333333 0.2722222222222222
1 0.4552083333333333 0.5648148148148148 0.09895833333333333 0.26296296296296295
