2 0.38307291666666665 0.8715277777777778 0.07864583333333333 0.2569444444444444
2 0.5091614583333334 0.28952314814814817 0.030531249999999944 0.17949074074074076
0 0.650859375 0.5335740740740741 0.023513020833333325 0.04332407407407404
1 0.6018776041666667 0.624699074074074 0.06438281249999989 0.34174999999999994
1 0.4460911458333333 0.3498935185185185 0.06293489583333335 0.20958333333333334
1 0.4547161458333333 0.5339074074074074 0.07803906250000002 0.29309259259259257
1 0.5331848958333334 0.5757546296296296 0.090359375 0.26271759259259264
1 0.5265677083333333 0.5774212962962963 0.07552343750000005 0.3109953703703704
1 0.49132552083333336 0.5086250000000001 0.07734375 0.26462037037037034
1 0.31242708333333336 0.4105972222222223 0.052169270833333316 0.25500462962962966
1 0.0914453125 0.6906527777777778 0.052244791666666665 0.340949074074074
1 0.08549479166666667 0.3374861111111111 0.041809895833333346 0.23657407407407408
