2 0.4878489583333333 0.2746064814814815 0.03694531249999997 0.17014351851851853
2 0.3844036458333333 0.8712453703703703 0.07846354166666672 0.25750462962962956
0 0.6991380208333333 0.6755648148148148 0.02181510416666678 0.0387824074074074
1 0.6609609375000001 0.6383472222222222 0.08972395833333333 0.2545879629629629
1 0.4855625 0.538263888888889 0.05911197916666661 0.3058796296296296
1 0.44105208333333334 0.34747685185185184 0.06298177083333331 0.2220601851851852
1 0.08057552083333334 0.33121296296296293 0.03729687500000001 0.23206944444444444
1 0.10731510416666666 0.6987083333333334 0.08022395833333335 0.34153703703703714
1 0.31561458333333337 0.41096759259259263 0.06755729166666669 0.23894907407407412
1 0.510046875 0.5311574074074074 0.05579166666666661 0.2792824074074074
1 0.5438151041666667 0.5875324074074074 0.09513802083333331 0.30120370370370364
1 0.5470442708333334 0.5536018518518518 0.06812239583333338 0.282412037037037
