2 0.32458333333333333 0.8883333333333333 0.08208333333333329 0.22332870370370364
1 0.13434635416666665 0.5816666666666667 0.09477864583333334 0.2813796296296296
1 0.29074739583333337 0.3089074074074074 0.06975520833333336 0.19741203703703708
1 0.3506484375 0.4596064814814815 0.055677083333333384 0.3586759259259259
1 0.3514296875 0.3706342592592593 0.054739583333333286 0.19741203703703708
0 0.343609375 0.27081481481481484 0.02033072916666671 0.03447685185185186
1 0.39256250000000004 0.46850462962962963 0.09571614583333338 0.3308703703703703
1 0.4208697916666667 0.4571018518518519 0.050359375000000026 0.27359259259259266
2 0.4717005208333333 0.2897222222222222 0.04504427083333328 0.18128240740740736
1 0.5043880208333333 0.6197592592592593 0.06912760416666662 0.28304629629629635
1 0.4832734375 0.5652638888888889 0.050046874999999956 0.3186388888888888
1 0.5452083333333333 0.3937083333333333 0.0550520833333333 0.22354629629629624
