1 0.04348958333333333 0.35 0.08697916666666666 0.21481481481481482
1 0.06154427083333334 0.5307083333333333 0.06556770833333334 0.2928981481481481
1 0.12200520833333334 0.3996388888888889 0.05417447916666666 0.2642314814814815
1 0.1597421875 0.598837962962963 0.08426822916666664 0.3317268518518519
1 0.29910937499999996 0.5692037037037038 0.10186458333333333 0.3103240740740741
2 0.3836119791666667 0.9333842592592592 0.08288020833333327 0.13322685185185185
2 0.5183333333333333 0.2516805555555556 0.03196875000000006 0.09607407407407406
1 0.46353125 0.4719027777777777 0.13700520833333332 0.25100462962962966
1 0.4698098958333333 0.38225925925925924 0.09019531249999997 0.1907916666666666
1 0.5101510416666667 0.4194722222222222 0.06127083333333332 0.22597222222222219
1 0.5141458333333333 0.3606111111111111 0.06241406249999996 0.19620370370370369
0 0.5068984375 0.3359537037037037 0.016877604166666654 0.02704629629629633
