1 0.45546875 0.8583333333333333 0.10677083333333333 0.2833333333333333
0 0.4161458333333333 0.8015138888888889 0.03062239583333337 0.05547685185185182
1 0.20558333333333334 0.5799305555555556 0.07134375000000001 0.2887129629629629
2 0.18125 0.8495370370370371 0.07447916666666667 0.30092592592592593
2 0.38660416666666664 0.23063425925925923 0.03353906249999999 0.21193518518518514
1 0.4961484375 0.6793796296296296 0.1754791666666667 0.36941203703703696
1 0.49682031249999997 0.5764583333333334 0.11399479166666661 0.30079629629629634
1 0.49098697916666667 0.448 0.0421875 0.15558333333333335
1 0.14264583333333333 0.49975 0.08012760416666669 0.2575092592592593
1 0.415171875 0.46139814814814817 0.07924739583333332 0.22619907407407402
1 0.11865104166666667 0.467662037037037 0.08497135416666665 0.21993981481481478
1 0.062078125 0.4457453703703703 0.05547395833333333 0.19019444444444447
1 0.44753125 0.4109166666666667 0.05151041666666671 0.2395046296296297
