1 0.03578125 0.5434490740740741 0.03860416666666667 0.28597685185185184
1 0.042627604166666666 0.32960185185185187 0.06157552083333332 0.21532407407407406
1 0.12923958333333332 0.37862037037037044 0.05007291666666666 0.2472037037037038
1 0.22853645833333333 0.5972546296296296 0.07950520833333333 0.3404305555555555
2 0.39059375 0.9372638888888889 0.07679947916666663 0.1254722222222222
1 0.3124427083333333 0.5560555555555555 0.07003385416666662 0.30494444444444435
1 0.4125859375 0.44237499999999996 0.11063281249999998 0.25201388888888887
1 0.5634765625 0.42583796296296295 0.060559895833333384 0.2369768518518518
1 0.5051171875 0.4195231481481481 0.07037239583333339 0.22193981481481487
1 0.5631380208333333 0.32719444444444445 0.044320312499999896 0.2586296296296296
0 0.5380755208333333 0.20505555555555557 0.0150390625 0.02619907407407409
2 0.51115625 0.2906111111111111 0.03278385416666663 0.1834027777777778
