2 0.39114583333333336 0.9189814814814815 0.08020833333333334 0.16203703703703703
2 0.4830286458333333 0.29079166666666667 0.04098437500000003 0.1756481481481481
1 0.12459895833333334 0.6404583333333334 0.06842968750000002 0.3389351851851851
1 0.14125 0.5295416666666667 0.1207578125 0.2641203703703704
1 0.29951302083333337 0.586462962962963 0.10355729166666666 0.2998981481481482
1 0.211875 0.37633796296296296 0.063671875 0.23744907407407412
1 0.25578645833333336 0.2995740740740741 0.050497395833333326 0.19451388888888885
1 0.5176093749999999 0.43749074074074074 0.06550260416666666 0.19451388888888893
1 0.5779869791666666 0.40236111111111106 0.050864583333333255 0.16849074074074072
1 0.6037864583333333 0.5009166666666667 0.07904166666666677 0.2354953703703704
1 0.6641640624999999 0.463837962962963 0.054890624999999936 0.19125925925925932
0 0.6813932291666667 0.452625 0.018679687499999886 0.03242592592592591
