1 0.08723958333333333 0.3212962962962963 0.049479166666666664 0.22592592592592592
1 0.15104166666666666 0.6657407407407407 0.06041666666666667 0.32407407407407407
2 0.43854166666666666 0.8893518518518518 0.08229166666666667 0.2212962962962963
2 0.48776041666666664 0.26536574074074076 0.0359375 0.16926851851851848
1 0.6913020833333333 0.5091157407407407 0.05670572916666667 0.21311574074074072
0 0.7096354166666666 0.49036111111111114 0.006705729166666666 0.024925925925925994
1 0.6195104166666667 0.5703657407407408 0.05251822916666669 0.28426851851851853
1 0.5226901041666667 0.5578472222222223 0.05486458333333335 0.28322685185185187
1 0.4496328125 0.5375046296296296 0.06953645833333333 0.291574074074074
1 0.5021510416666667 0.3484259259259259 0.050757812499999964 0.19299074074074068
1 0.4104635416666667 0.39537037037037037 0.056333333333333374 0.17525462962962965
1 0.45579427083333335 0.44257407407407406 0.07657812499999998 0.23002314814814812
