1 0.0421875 0.3453703703703704 0.046875 0.24074074074074073
2 0.38986197916666665 0.8728842592592593 0.08056510416666664 0.25423148148148145
2 0.5301536458333334 0.3007314814814815 0.036539062500000045 0.18164351851851857
0 0.5620416666666667 0.2087175925925926 0.024148437499999887 0.04325925925925923
1 0.1115078125 0.6235462962962962 0.06487760416666667 0.30817129629629636
1 0.46909114583333333 0.6065694444444445 0.09665104166666663 0.293287037037037
1 0.487421875 0.5676851851851852 0.0658229166666666 0.23181481481481478
1 0.5228333333333334 0.4951064814814815 0.06415625000000004 0.2910648148148149
1 0.5774062499999999 0.42511574074074077 0.05748958333333339 0.21774074074074076
1 0.558453125 0.539912037037037 0.06207291666666664 0.31994907407407414
1 0.2834973958333334 0.3836435185185185 0.052908854166666686 0.23551851851851854
1 0.49554427083333336 0.4825138888888889 0.052075520833333284 0.27181018518518524
