2 0.3880208333333333 0.8731481481481481 0.07916666666666666 0.2537037037037037
2 0.5322083333333334 0.2619814814814815 0.036434895833333356 0.1040972222222222
0 0.562625 0.33312037037037034 0.02570052083333323 0.04395370370370373
1 0.29717187500000003 0.40425462962962966 0.04326562499999997 0.2509953703703704
1 0.11105989583333334 0.6460694444444445 0.07121875000000001 0.3254907407407407
1 0.44442968749999995 0.48351851851851857 0.07996093750000005 0.268537037037037
1 0.5045416666666667 0.5585231481481482 0.07110677083333337 0.31875
1 0.5586119791666667 0.5007083333333333 0.055104166666666704 0.3292453703703704
1 0.0609921875 0.34402777777777777 0.03949739583333334 0.2390925925925926
1 0.5494557291666666 0.5154259259259258 0.0961614583333334 0.3102916666666667
1 0.49590885416666663 0.5029398148148148 0.06105208333333335 0.2725925925925926
1 0.5238515625 0.3850648148148148 0.05451822916666664 0.24103240740740745
