1 0.5231770833333333 0.5449074074074074 0.0578125 0.25092592592592594
0 0.5073020833333334 0.43494444444444447 0.014669270833333314 0.02827314814814812
1 0.5253645833333334 0.5180509259259259 0.039414062500000034 0.3518287037037038
1 0.4878385416666667 0.6436481481481481 0.07253645833333332 0.3346851851851852
1 0.39182291666666663 0.5631481481481482 0.09266145833333338 0.3242453703703703
1 0.2048203125 0.4237592592592593 0.055765624999999965 0.2497083333333334
1 0.12578645833333332 0.7014166666666667 0.11153125 0.3518287037037036
1 0.012369791666666666 0.32983796296296297 0.02473697916666667 0.17069444444444445
1 0.23742708333333334 0.7092453703703704 0.07840624999999998 0.32573611111111117
2 0.20136979166666666 0.8972962962962964 0.06415104166666664 0.20540740740740734
2 0.47558333333333336 0.28175925925925926 0.03396093749999996 0.1774027777777778
1 0.3730677083333333 0.46028240740740745 0.08637239583333335 0.25119907407407416
