1 0.09736458333333334 0.3222592592592593 0.08311718750000002 0.19419907407407408
1 0.07322135416666667 0.5337037037037037 0.06807552083333332 0.28918981481481487
1 0.12724739583333333 0.5952685185185185 0.08272135416666665 0.33351851851851855
1 0.13733854166666667 0.40318055555555554 0.07995052083333333 0.254712962962963
1 0.29051041666666666 0.5755694444444445 0.11873697916666665 0.30537500000000006
2 0.39638541666666666 0.9295648148148148 0.07955468749999994 0.14087037037037045
0 0.5974557291666667 0.46172222222222226 0.016721354166666678 0.03131481481481486
2 0.49581250000000004 0.2879490740740741 0.05527604166666673 0.1645416666666667
1 0.5089244791666666 0.4764861111111111 0.12469270833333332 0.2399583333333333
1 0.483859375 0.3864490740740741 0.07661458333333329 0.17688425925925927
1 0.5211380208333334 0.4127268518518519 0.05656249999999995 0.21938888888888894
1 0.5644583333333333 0.397875 0.06504687499999999 0.1494583333333333
