0 0.6104166666666667 0.5425925925925926 0.023958333333333335 0.044444444444444446
1 0.05520833333333333 0.7782407407407408 0.052083333333333336 0.38425925925925924
2 0.15338541666666666 0.8699074074074075 0.1015625 0.2601851851851852
2 0.4744791666666667 0.2814814814814815 0.040625 0.17592592592592593
1 0.12942708333333333 0.4013888888888889 0.08385416666666666 0.24722222222222223
1 0.22447916666666667 0.49953703703703706 0.07604166666666666 0.2712962962962963
1 0.3299479166666667 0.41898148148148145 0.0640625 0.23425925925925925
1 0.509375 0.6032407407407407 0.04479166666666667 0.2712962962962963
1 0.3221354166666667 0.575462962962963 0.09114583333333333 0.30833333333333335
1 0.4278645833333333 0.8314814814814815 0.08177083333333333 0.337037037037037
1 0.52890625 0.6829166666666666 0.07447916666666667 0.3398148148148148
1 0.5888020833333333 0.603287037037037 0.07760416666666667 0.2861111111111111
