1 0.014583333333333334 0.3449074074074074 0.029166666666666667 0.19722222222222222
2 0.23229166666666667 0.8958333333333334 0.06145833333333333 0.20833333333333334
2 0.4744791666666667 0.2814814814814815 0.036458333333333336 0.17592592592592593
1 0.13463541666666667 0.6773148148148148 0.10572916666666667 0.33796296296296297
1 0.21067708333333332 0.42314814814814816 0.0703125 0.25555555555555554
1 0.21197916666666666 0.6800925925925926 0.0875 0.33425925925925926
1 0.42942708333333335 0.44212962962962965 0.0484375 0.2361111111111111
1 0.4119791666666667 0.5444444444444444 0.08333333333333333 0.3037037037037037
1 0.51328125 0.513425925925926 0.0703125 0.33796296296296297
1 0.46328125 0.6421296296296296 0.0921875 0.33055555555555555
1 0.5299479166666666 0.5162037037037037 0.09322916666666667 0.3101851851851852
0 0.5627630208333334 0.3808472222222222 0.022403645833333267 0.039476851851851846
