2 0.3890625 0.8722222222222222 0.08020833333333334 0.25555555555555554
2 0.4848880208333333 0.2676111111111111 0.034450520833333324 0.16774074074074072
1 0.43938020833333336 0.3473657407407407 0.06941666666666665 0.2020231481481481
1 0.6930078125 0.5976111111111111 0.0964114583333334 0.25824074074074066
1 0.4857005208333333 0.5401666666666667 0.06170312500000001 0.3034907407407407
0 0.7292578125 0.5781851851851852 0.021854166666666685 0.034736111111111204
1 0.5545598958333334 0.5934953703703704 0.08998437499999999 0.3021203703703703
1 0.5624010416666666 0.5599027777777779 0.052190104166666626 0.26509722222222226
1 0.5126536458333333 0.5281342592592593 0.06376041666666664 0.28383796296296304
1 0.33178385416666667 0.41135648148148146 0.09024218750000006 0.23950000000000007
1 0.12353645833333333 0.6970231481481481 0.08612760416666668 0.3427962962962963
1 0.08252864583333334 0.32931481481481484 0.04165104166666666 0.23264351851851853
