1 0.022406250000000003 0.47327777777777774 0.044812500000000005 0.2293703703703704
1 0.1391197916666667 0.3824212962962963 0.06767968749999999 0.2230509259259259
1 0.0611484375 0.32612962962962966 0.052640624999999996 0.2272731481481482
1 0.27111718749999997 0.5921018518518518 0.10607291666666668 0.32859259259259266
1 0.3484947916666667 0.5484768518518519 0.06451302083333334 0.2962268518518518
1 0.3653151041666666 0.4295648148148149 0.09419791666666673 0.22164351851851857
1 0.5861692708333333 0.48951851851851846 0.054598958333333295 0.2593425925925925
1 0.4829557291666667 0.4234305555555556 0.07882812499999996 0.22133796296296293
1 0.6106744791666666 0.4029814814814815 0.07172395833333335 0.21652777777777774
2 0.5068072916666667 0.2841898148148148 0.03924479166666662 0.17743055555555556
2 0.4017578125 0.9360601851851852 0.07950520833333338 0.12787962962962954
0 0.27624479166666666 0.11208796296296297 0.023658854166666642 0.032819444444444436
