1 0.03854166666666667 0.5342592592592592 0.07708333333333334 0.3
1 0.027864583333333335 0.3476851851851852 0.05572916666666667 0.23055555555555557
1 0.12994791666666666 0.38425925925925924 0.06614583333333333 0.25
1 0.18489583333333334 0.6 0.08854166666666667 0.34444444444444444
1 0.2967942708333334 0.5679675925925926 0.1074192708333333 0.30950462962962955
1 0.448203125 0.4609629629629629 0.11019791666666663 0.2584675925925925
2 0.39153645833333334 0.9361111111111111 0.07838541666666667 0.12777777777777777
1 0.5108151041666666 0.4213888888888889 0.06061197916666661 0.21917592592592597
1 0.5420234374999999 0.4051111111111111 0.05854947916666665 0.20129629629629633
2 0.5172630208333333 0.28864351851851855 0.03739843749999997 0.17744907407407406
