2 0.27838541666666666 0.8731481481481481 0.08489583333333334 0.2537037037037037
2 0.4505208333333333 0.2587962962962963 0.05416666666666667 0.175
1 0.6083046875 0.6673055555555556 0.09594531250000007 0.33686111111111106
0 0.6455989583333334 0.6218564814814815 0.026166666666666553 0.04812499999999992
1 0.47280729166666663 0.6707777777777778 0.058950520833333304 0.33097685185185177
1 0.3114453125 0.6042083333333333 0.10797656250000003 0.3336527777777778
1 0.38769010416666666 0.5060925925925926 0.0643645833333333 0.2882037037037037
1 0.11641666666666667 0.7272314814814814 0.07895312499999999 0.36594444444444446
1 0.18547135416666669 0.4131527777777777 0.05884375000000001 0.255574074074074
1 0.010677083333333334 0.3347222222222222 0.021354166666666667 0.2222222222222222
1 0.08454166666666667 0.26351851851851854 0.07895572916666668 0.2184953703703704
1 0.11955208333333332 0.21717129629629628 0.05363020833333332 0.19465740740740736
