2 0.360640625 0.8874259259259258 0.08473958333333335 0.22514814814814824
2 0.49973958333333335 0.28903703703703704 0.04105729166666663 0.18218055555555554
0 0.5132317708333333 0.24674074074074076 0.02396354166666666 0.04142129629629631
1 0.49370572916666666 0.5846064814814815 0.0732239583333333 0.2950648148148149
1 0.4594244791666667 0.5512731481481481 0.06457031249999995 0.2757361111111112
1 0.44633072916666666 0.5822407407407408 0.07921354166666662 0.2911203703703705
1 0.38653125 0.571787037037037 0.0745546875 0.3214953703703703
1 0.11934635416666665 0.6986712962962963 0.05721614583333333 0.3565277777777777
1 0.17092708333333334 0.24890277777777778 0.04421354166666666 0.20394907407407406
1 0.22958854166666667 0.3994212962962963 0.04999218750000001 0.2697083333333334
1 0.19664583333333333 0.397625 0.04479166666666667 0.2640555555555555
1 0.009895833333333333 0.3122685185185185 0.019791666666666666 0.1449074074074074
