1 0.039703125 0.5363749999999999 0.04208072916666666 0.2946944444444444
1 0.04043489583333334 0.3304768518518519 0.05891406249999999 0.22118518518518518
1 0.20711718750000002 0.6046805555555556 0.0922135416666667 0.3376342592592592
1 0.13502864583333332 0.38154166666666667 0.05196093749999999 0.24785648148148154
1 0.30061197916666665 0.566949074074074 0.08672656249999997 0.31291203703703696
1 0.44167708333333333 0.4391157407407407 0.09587499999999996 0.2563148148148148
1 0.5104739583333333 0.41927314814814814 0.0607447916666666 0.22443518518518518
1 0.5479817708333333 0.40658796296296296 0.05452343749999997 0.2107777777777777
1 0.5474635416666668 0.35650925925925925 0.0221927083333334 0.20439814814814813
0 0.5351640625 0.24765277777777775 0.014705729166666674 0.02376851851851851
2 0.5141744791666667 0.28900925925925924 0.03369010416666664 0.17777777777777778
2 0.38984375 0.9363657407407407 0.07700520833333328 0.12726388888888884
