1 0.13177083333333334 0.6916666666666667 0.08229166666666667 0.3425925925925926
1 0.08109635416666668 0.3218981481481481 0.0446796875 0.22782870370370373
2 0.42466145833333335 0.8795925925925926 0.0852630208333333 0.24081481481481476
2 0.48705468749999997 0.2657453703703704 0.03513020833333336 0.17109259259259257
1 0.5015078125 0.35031944444444446 0.050132812500000054 0.18410185185185188
1 0.45631510416666665 0.5327962962962962 0.07830989583333334 0.29144444444444445
1 0.6916093750000001 0.5337685185185186 0.0504973958333333 0.24135185185185193
0 0.6995703125 0.5934027777777777 0.016221354166666656 0.03210648148148144
1 0.6080963541666667 0.5913472222222222 0.0728177083333333 0.30376388888888894
1 0.5467760416666666 0.5493333333333333 0.04790625000000001 0.2912731481481482
1 0.396828125 0.39659722222222216 0.06738802083333333 0.1936157407407407
1 0.48258072916666667 0.4746666666666667 0.0511015625 0.2816203703703703
