1 0.4796875 0.4791666666666667 0.059375 0.25462962962962965
1 0.47291666666666665 0.6092592592592593 0.09791666666666667 0.29259259259259257
1 0.551359375 0.5551527777777778 0.08374218749999998 0.297125
1 0.5634973958333334 0.4247314814814815 0.0622786458333333 0.2239351851851852
1 0.5226822916666667 0.49291203703703707 0.04327864583333329 0.2514583333333334
1 0.5042109375 0.5826759259259259 0.06755729166666669 0.26584722222222223
1 0.2906328125 0.39970833333333333 0.05489062500000002 0.2527129629629629
1 0.055929687500000005 0.34353240740740737 0.04138802083333334 0.24360185185185176
1 0.11220572916666667 0.6353842592592593 0.05687760416666667 0.3241898148148148
2 0.389640625 0.8716898148148148 0.08000520833333329 0.25348148148148136
2 0.5299791666666667 0.3029305555555556 0.03801302083333334 0.1815231481481481
0 0.5588046875 0.22794444444444445 0.024421874999999933 0.042472222222222224
