2 0.3140625 0.8722222222222222 0.078125 0.25555555555555554
2 0.4593828125 0.2835138888888889 0.03892968750000006 0.18340740740740744
1 0.4604947916666667 0.3492638888888889 0.0722994791666667 0.21207870370370366
1 0.48385416666666664 0.5694999999999999 0.08342187500000003 0.27881944444444445
1 0.4471484375 0.5297083333333333 0.07452343750000003 0.2941435185185185
1 0.3744296875 0.44319444444444445 0.0508880208333333 0.27337962962962964
1 0.2903125 0.47581944444444446 0.12346614583333336 0.25162962962962965
1 0.22413020833333333 0.3050185185185185 0.09287760416666663 0.20367592592592595
1 0.29462239583333333 0.3139166666666666 0.06590364583333334 0.15226388888888884
1 0.2865572916666667 0.4409675925925926 0.1159583333333333 0.25706481481481475
0 0.2390078125 0.2894490740740741 0.02141145833333334 0.04201851851851852
1 0.06131510416666666 0.5413240740740741 0.06145572916666667 0.3173796296296296
