2 0.30546875 0.8680555555555556 0.08802083333333334 0.2638888888888889
2 0.45002343749999996 0.2774212962962963 0.04363020833333332 0.17827314814814813
1 0.4574140625 0.5711018518518518 0.11118750000000001 0.26772222222222214
1 0.4364765625 0.5144907407407407 0.06439062499999994 0.27835648148148145
1 0.36909635416666664 0.44381018518518517 0.04011197916666672 0.27585648148148156
1 0.41571874999999997 0.33121296296296293 0.045390625000000046 0.21830555555555553
1 0.2587890625 0.4053379629629629 0.06579687499999999 0.27397685185185183
1 0.26072656250000004 0.3512314814814815 0.07318489583333329 0.22831481481481486
1 0.1875390625 0.2993101851851852 0.06896354166666666 0.20830092592592594
0 0.18884895833333332 0.3753194444444445 0.021979166666666692 0.04112962962962959
1 0.030799479166666664 0.5588657407407408 0.06159895833333333 0.27351851851851855
1 0.255890625 0.4638055555555556 0.13458854166666664 0.24688888888888888
