2 0.40729166666666666 0.8870370370370371 0.08958333333333333 0.22592592592592592
2 0.4875911458333333 0.28714351851851855 0.041645833333333354 0.18149074074074073
1 0.48195312500000004 0.5254444444444445 0.07143229166666672 0.2879166666666667
1 0.37971875 0.4861157407407407 0.06130989583333329 0.38406018518518525
1 0.29454947916666663 0.5418981481481482 0.061020833333333344 0.38765740740740745
1 0.22167187500000002 0.3699212962962963 0.056393229166666656 0.24626851851851855
1 0.31667447916666663 0.4835416666666667 0.06420312499999999 0.35320833333333324
0 0.30929947916666667 0.3264768518518519 0.022846354166666673 0.039074074074074115
1 0.3396666666666667 0.4745462962962963 0.07201041666666666 0.26631944444444444
1 0.05335677083333333 0.6562916666666666 0.06391406250000001 0.3336712962962963
1 0.0093984375 0.3102777777777778 0.018796875 0.15578240740740742
1 0.16903645833333333 0.23675925925925925 0.044247395833333356 0.19896759259259258
