2 0.371875 0.9078703703703703 0.08125 0.18425925925925926
1 0.3085572916666666 0.6566944444444445 0.12199218749999999 0.33369444444444435
1 0.24935156249999998 0.544787037037037 0.054976562500000034 0.29726388888888894
2 0.4702369791666667 0.2897453703703704 0.04196614583333336 0.1804398148148148
1 0.41330729166666663 0.36839814814814814 0.06278385416666671 0.2313333333333333
1 0.40842708333333333 0.3065138888888889 0.05237499999999997 0.20588425925925927
1 0.5600234374999999 0.6497546296296296 0.07775000000000004 0.29437037037037045
1 0.5382265625 0.5994398148148148 0.07189322916666666 0.29899537037037033
1 0.5917395833333334 0.579199074074074 0.07677343750000011 0.3163472222222222
1 0.5792161458333334 0.4814583333333334 0.056278645833333245 0.2747083333333333
1 0.7003932291666667 0.4551481481481481 0.05009895833333336 0.23595833333333333
0 0.5707578125 0.18535648148148148 0.025049479166666562 0.04221759259259262
