2 0.37231770833333333 0.9080138888888889 0.08100260416666671 0.18281944444444448
1 0.26870572916666663 0.6919722222222222 0.08002604166666669 0.3325416666666666
1 0.2513020833333333 0.5442083333333333 0.06408593750000001 0.29263425925925934
1 0.41965104166666667 0.3698425925925926 0.05530208333333337 0.23306944444444447
1 0.4149348958333333 0.3076712962962963 0.05302604166666664 0.20125925925925928
2 0.4671458333333333 0.29003240740740743 0.03773697916666663 0.18101851851851852
1 0.6989296875 0.4551481481481481 0.0614843750000001 0.23595833333333333
0 0.5668541666666667 0.21224537037037036 0.022445312499999894 0.041638888888888864
1 0.5523776041666667 0.6136064814814816 0.05985677083333337 0.3666620370370371
1 0.5458723958333334 0.5586666666666666 0.10670312499999994 0.3157685185185185
1 0.5850729166666666 0.5462314814814815 0.046518229166666696 0.3764953703703704
1 0.5904401041666667 0.48261574074074076 0.05335156249999997 0.2735509259259259
