2 0.3458333333333333 0.8782407407407408 0.071875 0.24351851851851852
2 0.5151041666666667 0.29814814814814816 0.034375 0.1814814814814815
1 0.5403645833333334 0.4837962962962963 0.0859375 0.33240740740740743
1 0.5828125 0.4287037037037037 0.040625 0.2074074074074074
1 0.5372395833333333 0.5171296296296296 0.0765625 0.36944444444444446
1 0.4859375 0.48518518518518516 0.065625 0.2722222222222222
1 0.027604166666666666 0.34814814814814815 0.042708333333333334 0.2388888888888889
1 0.3380208333333333 0.5587962962962963 0.08958333333333333 0.23796296296296296
1 0.10390625 0.6157407407407407 0.0671875 0.31851851851851853
1 0.2565104166666667 0.3824074074074074 0.04739583333333333 0.2351851851851852
1 0.41015625 0.6504629629629629 0.09010416666666667 0.3287037037037037
0 0.5734375 0.19537037037037036 0.025 0.03888888888888889
