2 0.37135416666666665 0.9046296296296297 0.08125 0.18888888888888888
2 0.4743020833333333 0.29032407407407407 0.04879687500000003 0.178125
1 0.21698177083333334 0.5528842592592592 0.055953125000000034 0.2891666666666666
1 0.4333151041666667 0.6237314814814815 0.06896614583333331 0.2966851851851853
1 0.40224739583333335 0.3631898148148148 0.04521874999999997 0.23480092592592597
1 0.3771979166666667 0.3108518518518519 0.04196614583333336 0.2041527777777778
1 0.6711171875 0.4372175925925926 0.06376041666666671 0.23249074074074078
1 0.5590468749999999 0.5745694444444445 0.06994270833333331 0.3892175925925926
1 0.5266796875 0.5352453703703705 0.07612239583333331 0.3788055555555556
1 0.5600234374999999 0.5323518518518519 0.08165364583333339 0.39152777777777775
1 0.5440833333333334 0.3897962962962963 0.032856770833333354 0.08906481481481486
0 0.549125 0.24116203703703704 0.024072916666666562 0.04163888888888891
