1 0.05390625 0.7736111111111111 0.07760416666666667 0.36574074074074076
2 0.20078125 0.8462962962962963 0.14427083333333332 0.3074074074074074
2 0.4609375 0.25833333333333336 0.036458333333333336 0.21666666666666667
1 0.4752604166666667 0.8541666666666666 0.1515625 0.2916666666666667
0 0.5380208333333333 0.8074907407407408 0.029166666666666667 0.05092592592592592
1 0.48984375 0.7125833333333333 0.17135416666666667 0.3277777777777778
1 0.2625 0.5259259259259259 0.07291666666666667 0.26481481481481484
1 0.33697916666666666 0.4148148148148148 0.0625 0.2111111111111111
1 0.43463541666666666 0.5236111111111111 0.05572916666666667 0.21944444444444444
1 0.2864583333333333 0.6060185185185185 0.11770833333333333 0.32314814814814813
1 0.4453125 0.46064814814814814 0.07708333333333334 0.24537037037037038
1 0.32005208333333335 0.5 0.05677083333333333 0.22037037037037038
