1 0.08111197916666667 0.34371759259259255 0.04316927083333333 0.24512962962962964
1 0.09886458333333333 0.6855231481481482 0.05872916666666666 0.3391805555555556
2 0.38433072916666666 0.8715231481481481 0.08067187499999993 0.2569537037037037
2 0.513828125 0.2906388888888889 0.03070833333333335 0.1795509259259259
0 0.6297239583333333 0.42342592592592593 0.022330729166666667 0.04000925925925929
1 0.4655078125 0.35008796296296296 0.050492187499999966 0.22420370370370368
1 0.5747708333333333 0.6084444444444445 0.10331770833333327 0.3524212962962963
1 0.45434114583333335 0.5432453703703705 0.0990598958333333 0.27550925925925923
1 0.31385677083333335 0.41025925925925927 0.054690104166666725 0.2539490740740741
1 0.5171354166666666 0.5655324074074074 0.08716666666666661 0.30412037037037043
1 0.46209635416666667 0.5023564814814815 0.10943750000000006 0.26462500000000005
1 0.5352395833333333 0.5729953703703704 0.09072135416666664 0.268462962962963
