2 0.40703125 0.8898148148148148 0.08697916666666666 0.22037037037037038
2 0.49786458333333333 0.2880601851851852 0.03689843750000001 0.18158333333333335
0 0.3582213541666667 0.18245833333333333 0.024174479166666648 0.04610185185185187
1 0.49403906249999996 0.5426805555555556 0.06725000000000006 0.2992777777777778
1 0.37997916666666665 0.49892129629629633 0.08746875000000003 0.3633518518518519
1 0.32404947916666665 0.47997222222222224 0.07010677083333335 0.40984259259259254
1 0.32395572916666665 0.42918055555555557 0.053820312500000016 0.39192129629629624
1 0.346078125 0.48069907407407403 0.0866822916666667 0.2557592592592593
1 0.07154427083333334 0.6904583333333334 0.0758125 0.35327777777777775
1 0.2132109375 0.38525000000000004 0.04812760416666665 0.2562222222222223
1 0.176078125 0.23827777777777776 0.04321093750000002 0.19780092592592594
1 0.00625 0.3215277777777778 0.0125 0.08101851851851852
