1 0.09635416666666667 0.5527777777777778 0.071875 0.3037037037037037
2 0.3234375 0.8805555555555555 0.075 0.2388888888888889
2 0.46484375 0.29074074074074074 0.043229166666666666 0.18333333333333332
0 0.2928151041666667 0.2513888888888889 0.019973958333333285 0.03756018518518521
1 0.2480625 0.31047685185185186 0.06873177083333332 0.1936805555555556
1 0.3217916666666667 0.4588287037037037 0.10027604166666665 0.3141666666666667
1 0.46953645833333335 0.5424814814814815 0.04315104166666662 0.2988240740740741
1 0.5057005208333334 0.36713425925925924 0.037398437500000034 0.20384259259259258
1 0.32117447916666664 0.32475925925925925 0.0702760416666667 0.15416203703703704
1 0.387546875 0.4606527777777778 0.07644010416666672 0.26521296296296304
1 0.48988020833333334 0.5866851851851852 0.0558932291666667 0.3010138888888889
1 0.33453125 0.4551759259259259 0.10027604166666665 0.30393518518518514
