2 0.18125 0.8462962962962963 0.09791666666666667 0.3074074074074074
2 0.4166666666666667 0.24675925925925926 0.051041666666666666 0.21388888888888888
1 0.1078125 0.4930555555555556 0.07604166666666666 0.2657407407407407
1 0.3328125 0.5416666666666666 0.08020833333333334 0.2796296296296296
1 0.4510416666666667 0.42777777777777776 0.0625 0.22962962962962963
1 0.4354166666666667 0.8361111111111111 0.090625 0.3277777777777778
1 0.025260416666666667 0.6398148148148148 0.050520833333333334 0.29814814814814816
0 0.40651041666666665 0.7388888888888889 0.024479166666666666 0.05555555555555555
1 0.043229166666666666 0.5402777777777777 0.08645833333333333 0.1824074074074074
1 0.46458333333333335 0.6837962962962963 0.16458333333333333 0.38796296296296295
1 0.39557291666666666 0.5879629629629629 0.0890625 0.3296296296296296
1 0.5158854166666667 0.5092592592592593 0.049479166666666664 0.2740740740740741
1 0.18541666666666667 0.6050925925925926 0.07083333333333333 0.325
