2 0.34375 0.9009259259259259 0.08020833333333334 0.19814814814814816
2 0.4759296875 0.2989953703703704 0.04619531249999997 0.16077777777777777
0 0.4835755208333333 0.19894444444444445 0.022445312500000016 0.04048148148148151
1 0.180546875 0.5572222222222222 0.07352083333333331 0.28974537037037035
1 0.3419010416666667 0.3096944444444445 0.06441145833333337 0.2041527777777778
1 0.39769270833333337 0.3652175925925926 0.03936197916666669 0.22612500000000002
1 0.416234375 0.5424722222222222 0.05432812499999997 0.3574074074074074
1 0.5297682291666667 0.6150555555555556 0.08685677083333326 0.28974537037037035
1 0.5156171875 0.4941851851851852 0.06376041666666664 0.3151898148148148
1 0.48178645833333333 0.5115324074074075 0.08392968749999999 0.35682870370370373
1 0.5172447916666667 0.38227777777777777 0.02407291666666668 0.071712962962963
1 0.6400494791666667 0.423625 0.06668749999999998 0.22265740740740744
