2 0.3703125 0.9101851851851852 0.08229166666666667 0.17777777777777778
2 0.4726171875 0.29010185185185183 0.046273437500000014 0.17868981481481483
1 0.13369270833333333 0.646449074074074 0.07248437499999998 0.3336527777777778
1 0.20121354166666666 0.515449074074074 0.10045572916666666 0.28125
1 0.30979166666666663 0.5916435185185185 0.11248697916666665 0.293550925925926
1 0.24091666666666667 0.3753611111111111 0.05955208333333335 0.2235046296296296
1 0.29324999999999996 0.2954212962962963 0.06436458333333332 0.18981944444444443
1 0.5066432291666667 0.4593055555555556 0.062257812500000044 0.21601851851851858
1 0.5896562500000001 0.4288287037037037 0.051432291666666664 0.19569907407407408
1 0.607703125 0.49753703703703706 0.08932812500000012 0.24007870370370377
1 0.6698098958333334 0.48657407407407405 0.05714583333333323 0.19783796296296294
0 0.6882317708333333 0.4520092592592593 0.018789062499999905 0.031203703703703747
