2 0.2676484375 0.8648194444444445 0.06760937499999997 0.2703611111111111
2 0.4410442708333333 0.260537037037037 0.048518229166666656 0.17604629629629628
1 0.6186171874999999 0.6985324074074074 0.10459375000000008 0.3393657407407406
0 0.6532161458333333 0.6621203703703704 0.02505468750000001 0.04595833333333332
1 0.46928125 0.6794444444444444 0.0699947916666666 0.3223981481481482
1 0.26784895833333333 0.5892962962962963 0.09345833333333337 0.32027777777777783
1 0.36309635416666663 0.4952638888888889 0.06840364583333335 0.29058333333333325
1 0.1151328125 0.7303472222222221 0.07755208333333333 0.35350925925925925
1 0.20262760416666667 0.43693518518518515 0.09425520833333335 0.23614351851851853
1 0.015908854166666667 0.33547685185185183 0.03181510416666667 0.2212962962962963
1 0.06880208333333333 0.2548796296296296 0.05647395833333334 0.22836574074074073
1 0.10041927083333334 0.21634722222222222 0.053690104166666655 0.1838240740740741
