1 0.034398437500000004 0.3473888888888889 0.05049739583333334 0.2380972222222222
2 0.386328125 0.8752314814814814 0.08411458333333334 0.24953703703703703
2 0.5243776041666667 0.3028287037037037 0.027078125000000005 0.18410185185185188
0 0.5425546874999999 0.23791203703703703 0.024007812499999955 0.04141203703703706
1 0.5844843750000001 0.4282546296296296 0.056570312499999886 0.21531018518518522
1 0.5472786458333334 0.5085740740740741 0.08238541666666664 0.30845370370370373
1 0.44211197916666667 0.5760694444444444 0.09681250000000005 0.2625555555555555
1 0.43546875 0.6104907407407408 0.11161979166666663 0.3003518518518518
1 0.10725260416666667 0.6192638888888888 0.06795833333333334 0.3138518518518519
1 0.27012760416666665 0.38472222222222224 0.05884635416666664 0.23083333333333328
1 0.5590468749999999 0.529162037037037 0.061125000000000006 0.35232407407407407
1 0.5026692708333333 0.48427777777777775 0.05542968749999998 0.2625555555555555
