1 0.027380208333333333 0.347462962962963 0.054760416666666666 0.23902777777777776
1 0.22950520833333332 0.5789722222222222 0.11174739583333336 0.25723148148148145
1 0.5493906249999999 0.49824074074074076 0.07835677083333335 0.3347962962962962
1 0.5275755208333334 0.41631944444444446 0.05075520833333336 0.21844907407407405
0 0.5789973958333333 0.34508796296296296 0.019143229166666723 0.03957407407407408
2 0.30541406249999997 0.8866388888888889 0.059658854166666705 0.2267175925925925
2 0.4959635416666667 0.2884953703703704 0.04184895833333328 0.17491666666666664
1 0.5266848958333333 0.5200046296296297 0.05965885416666664 0.36883333333333324
1 0.4269557291666667 0.4875555555555555 0.10239843750000001 0.2691064814814815
1 0.4136015625 0.624087962962963 0.10952083333333332 0.31738425925925917
1 0.10529166666666664 0.6177546296296296 0.06099479166666666 0.3078888888888889
1 0.23061979166666668 0.3929722222222222 0.0685625 0.23823611111111107
