2 0.5198463541666667 0.288875 0.02927864583333335 0.1740787037037037
1 0.44636458333333334 0.47169444444444447 0.10952083333333332 0.2366666666666667
1 0.5094270833333333 0.41850462962962964 0.06449218750000002 0.2251898148148148
1 0.4849895833333333 0.38637037037037036 0.061888020833333356 0.1455
1 0.5312604166666667 0.3681203703703704 0.03239062500000003 0.1799490740740741
1 0.2975859375 0.5686342592592593 0.10816145833333334 0.31156481481481485
1 0.17236458333333332 0.5994814814814815 0.08502604166666666 0.3413842592592592
1 0.03875260416666667 0.5339259259259259 0.07750520833333334 0.30076851851851844
1 0.12493489583333334 0.40050925925925923 0.060731770833333344 0.25912499999999994
1 0.027184895833333333 0.36375 0.05436979166666667 0.20205555555555557
2 0.38810677083333334 0.935212962962963 0.07750520833333331 0.1295694444444444
