2 0.31707291666666665 0.8792129629629629 0.08365104166666673 0.24157407407407416
2 0.46784375 0.27405555555555555 0.06970833333333329 0.18270370370370367
1 0.556203125 0.6395277777777778 0.08955208333333337 0.33111574074074074
0 0.5783359375 0.4555092592592592 0.024174479166666648 0.044189814814814835
1 0.4703958333333333 0.6189490740740741 0.05822395833333331 0.315375
1 0.4242604166666667 0.5245185185185185 0.06197135416666662 0.3008472222222222
1 0.37778125 0.6044212962962963 0.10521354166666666 0.3262731481481482
1 0.1634375 0.4079907407407407 0.06741927083333335 0.2518148148148148
1 0.11491666666666665 0.7055092592592593 0.05822395833333333 0.36743518518518514
1 0.15560677083333332 0.3235462962962963 0.06265104166666666 0.24152777777777779
1 0.14113541666666668 0.2336574074074074 0.04256250000000002 0.1985462962962963
1 0.007492187499999999 0.3707638888888889 0.014981770833333333 0.18220370370370367
