2 0.30885416666666665 0.8601851851851852 0.08541666666666667 0.2796296296296296
2 0.4376536458333333 0.2679212962962963 0.04034114583333329 0.17861111111111108
1 0.41272656249999995 0.5598564814814815 0.04376562499999999 0.2821296296296297
1 0.188953125 0.4069537037037037 0.09171614583333335 0.21717592592592588
1 0.216734375 0.312912037037037 0.04452604166666667 0.2158240740740741
1 0.3206276041666667 0.28618518518518515 0.055942708333333376 0.19485185185185183
1 0.35430989583333333 0.44585648148148144 0.04414583333333333 0.2733333333333334
1 0.39540885416666666 0.48340740740740745 0.0578463541666667 0.253712962962963
1 0.18058072916666665 0.49186111111111114 0.09704427083333331 0.19891203703703708
0 0.14670833333333333 0.5889490740740742 0.020932291666666637 0.03991666666666657
1 0.11664322916666667 0.3068240740740741 0.07192708333333332 0.20635185185185187
1 0.04566927083333334 0.5571527777777778 0.0913359375 0.29565740740740737
