2 0.36770833333333336 0.8865740740740741 0.07708333333333334 0.22685185185185186
2 0.498640625 0.2865787037037037 0.03933593750000005 0.17916666666666667
0 0.4819296875 0.171625 0.02648177083333335 0.04707870370370368
1 0.49568489583333336 0.5585324074074074 0.07301562500000003 0.3053194444444445
1 0.40711458333333334 0.5493888888888889 0.08252864583333329 0.29800462962962965
1 0.41624218749999997 0.5196805555555556 0.04833333333333331 0.2806388888888888
1 0.328828125 0.5521342592592592 0.0771302083333333 0.31720370370370365
1 0.29759114583333335 0.4833425925925926 0.053734375000000036 0.28840740740740745
1 0.08702864583333333 0.6942777777777778 0.06247395833333333 0.3427962962962963
1 0.20927864583333333 0.40061574074074074 0.04627864583333334 0.2609814814814815
1 0.18691145833333334 0.24887037037037035 0.04525 0.19973611111111114
