2 0.42916666666666664 0.8805555555555555 0.06875 0.2388888888888889
2 0.42821354166666664 0.26218981481481485 0.04820052083333337 0.17131018518518518
1 0.41586979166666665 0.4784166666666667 0.06719791666666666 0.27912499999999996
1 0.3614557291666667 0.5653888888888889 0.043742187499999946 0.3050462962962963
1 0.3515234375 0.4823657407407408 0.060648437499999965 0.27724537037037034
1 0.216703125 0.33773148148148147 0.044164062499999976 0.22465277777777778
1 0.1729609375 0.4934444444444444 0.09868489583333334 0.22653240740740738
0 0.21596354166666665 0.5257546296296297 0.021554687499999996 0.03869444444444441
1 0.037825520833333334 0.5832314814814815 0.07565104166666667 0.28588888888888886
1 0.0499765625 0.49607407407407406 0.07713020833333334 0.3039212962962964
1 0.028950520833333333 0.30918055555555557 0.05790104166666667 0.23442129629629632
1 0.15447135416666666 0.22446296296296295 0.051138020833333346 0.17919444444444446
