2 0.42135416666666664 0.8895833333333333 0.0828125 0.22083333333333333
2 0.4836354166666667 0.28312499999999996 0.03789583333333333 0.17912500000000003
1 0.4809296875 0.5215972222222223 0.07459114583333329 0.293550925925926
1 0.37731250000000005 0.4274907407407407 0.07067968749999996 0.3833796296296297
1 0.34362760416666666 0.4732083333333334 0.062257812500000044 0.27162500000000006
1 0.31881510416666664 0.5280138888888889 0.07158333333333336 0.2636064814814814
1 0.25460156249999993 0.5528796296296297 0.11940624999999996 0.31547222222222226
1 0.221515625 0.36546759259259254 0.049026041666666666 0.243287037037037
0 0.3063333333333333 0.45369444444444446 0.025565104166666686 0.039032407407407384
1 0.05128125000000001 0.656074074074074 0.0754921875 0.3389999999999999
1 0.16677604166666665 0.2323287037037037 0.04541666666666669 0.19730555555555554
1 0.009776041666666664 0.3093240740740741 0.019549479166666665 0.16415277777777776
