2 0.4088541666666667 0.8875 0.08854166666666667 0.225
2 0.49479687499999997 0.28629629629629627 0.03958333333333333 0.18164351851851857
1 0.4893854166666667 0.5395138888888888 0.06529687500000006 0.3091527777777778
1 0.38315104166666664 0.5061296296296296 0.10521874999999999 0.34704629629629624
1 0.31227343750000003 0.5163564814814815 0.05277864583333335 0.4396712962962963
1 0.35473177083333335 0.4802685185185186 0.08221354166666663 0.24359259259259253
1 0.3222526041666667 0.4357592592592593 0.07206249999999995 0.3614814814814814
0 0.3181927083333333 0.24930555555555556 0.024020833333333276 0.04029629629629628
1 0.22041666666666665 0.3849351851851852 0.046351562500000006 0.2550185185185186
1 0.056838541666666666 0.6782638888888889 0.06360416666666667 0.3617037037037038
1 0.0072734374999999995 0.31366203703703704 0.014546874999999999 0.1497638888888889
1 0.172375 0.2384814814814815 0.04229166666666669 0.19908333333333333
