1 0.0140625 0.48518518518518516 0.028125 0.20925925925925926
1 0.07008072916666667 0.32262962962962966 0.06516406250000001 0.2325138888888889
1 0.1425234375 0.3812453703703704 0.06659895833333333 0.21582407407407406
0 0.13795572916666668 0.1461388888888889 0.01940885416666666 0.029768518518518496
1 0.28808854166666664 0.5909814814814814 0.08600781249999999 0.3376064814814815
1 0.36147395833333335 0.5498379629629631 0.06216666666666661 0.2943796296296297
1 0.3647239583333333 0.4568240740740741 0.08883593750000003 0.27081481481481484
1 0.5904088541666667 0.5015925925925926 0.055992187500000054 0.26581018518518523
1 0.48515104166666667 0.3995462962962963 0.07006770833333333 0.23077777777777778
1 0.6401432291666667 0.42206944444444444 0.06975520833333325 0.23133333333333336
2 0.5021979166666667 0.2824907407407407 0.04097656249999997 0.17683796296296297
2 0.42728385416666664 0.9381944444444444 0.08195312499999995 0.12360648148148139
