2 0.19557291666666668 0.8472222222222222 0.11614583333333334 0.30185185185185187
2 0.3885416666666667 0.2351851851851852 0.040625 0.20925925925925926
1 0.4473958333333333 0.8555555555555555 0.10625 0.28888888888888886
0 0.40963541666666664 0.787962962962963 0.03177083333333333 0.053703703703703705
1 0.49192708333333335 0.6824074074074075 0.1734375 0.3592592592592593
1 0.10677083333333333 0.47129629629629627 0.07291666666666667 0.21296296296296297
1 0.12864583333333332 0.49166666666666664 0.09583333333333334 0.26481481481481484
1 0.05703125 0.4773148148148148 0.07760416666666667 0.2064814814814815
1 0.17604166666666668 0.5916666666666667 0.09166666666666666 0.2740740740740741
1 0.4708333333333333 0.5717592592592593 0.109375 0.31574074074074077
1 0.4434895833333333 0.5189814814814815 0.07239583333333334 0.2601851851851852
1 0.44609375 0.4111111111111111 0.07864583333333333 0.22592592592592592
1 0.4549479166666667 0.45555555555555555 0.0546875 0.2388888888888889
