2 0.450984375 0.8873425925925926 0.0866119791666667 0.22531481481481475
2 0.4592734375 0.27697222222222223 0.04364322916666671 0.17863425925925924
1 0.47515625 0.5111296296296296 0.0700989583333333 0.2846435185185185
1 0.35405468749999996 0.48384259259259255 0.05100000000000004 0.3934074074074075
1 0.34247395833333333 0.47804629629629625 0.06156510416666663 0.2712777777777778
1 0.30630729166666665 0.5190462962962964 0.06684895833333329 0.28031018518518513
0 0.3285286458333333 0.4021805555555556 0.022752604166666638 0.042300925925925874
1 0.04177083333333334 0.6169351851851852 0.08180729166666666 0.31433333333333335
1 0.12488020833333334 0.5329444444444444 0.11254947916666665 0.3087731481481482
1 0.21267968750000002 0.3529305555555556 0.045333333333333316 0.23837500000000006
1 0.15171614583333334 0.22972685185185182 0.04845833333333333 0.18403240740740737
1 0.010942708333333334 0.32359722222222226 0.021885416666666668 0.20873148148148152
