1 0.5981770833333333 0.5773148148148148 0.07864583333333333 0.33796296296296297
1 0.075 0.4060185185185185 0.09270833333333334 0.22685185185185186
1 0.21953125 0.4981481481481482 0.0671875 0.2740740740740741
1 0.40677083333333336 0.8231481481481482 0.084375 0.3537037037037037
1 0.34270833333333334 0.5708333333333333 0.08125 0.3175925925925926
1 0.2981770833333333 0.4444444444444444 0.0734375 0.2611111111111111
2 0.46432291666666664 0.2796296296296296 0.06197916666666667 0.17962962962962964
2 0.14583333333333334 0.8824074074074074 0.115625 0.2351851851851852
1 0.07109375 0.7509259259259259 0.05677083333333333 0.3574074074074074
1 0.5497395833333333 0.6731481481481482 0.1078125 0.32037037037037036
1 0.546875 0.5842592592592593 0.040625 0.3277777777777778
0 0.6216145833333333 0.4263888888888889 0.025520833333333333 0.03796296296296296
