1 0.054947916666666666 0.7657407407407407 0.09010416666666667 0.337037037037037
0 0.5184895833333333 0.8212962962962963 0.027604166666666666 0.05185185185185185
2 0.20416666666666666 0.8462962962962963 0.15 0.3074074074074074
2 0.45651041666666664 0.2564814814814815 0.033854166666666664 0.21481481481481482
1 0.47734375 0.7041666666666667 0.1921875 0.3175925925925926
1 0.2625 0.5347222222222222 0.07916666666666666 0.25833333333333336
1 0.37213541666666666 0.4930555555555556 0.08177083333333333 0.21574074074074073
1 0.37916666666666665 0.40879629629629627 0.09270833333333334 0.19722222222222222
1 0.45390625 0.45601851851851855 0.05677083333333333 0.25833333333333336
1 0.2830729166666667 0.611574074074074 0.12447916666666667 0.31574074074074077
1 0.24583333333333332 0.5092592592592593 0.103125 0.22407407407407406
1 0.4661458333333333 0.8560185185185185 0.134375 0.287962962962963
