1 0.08909635416666667 0.6915462962962963 0.051270833333333335 0.34258796296296307
1 0.3073802083333333 0.41190740740740744 0.049552083333333385 0.25792129629629634
1 0.08441927083333334 0.3313055555555556 0.04289583333333334 0.2296388888888889
2 0.3838098958333333 0.8705138888888888 0.08008854166666665 0.25896759259259255
2 0.5052630208333333 0.2807731481481482 0.030874999999999986 0.1755046296296296
0 0.6658802083333334 0.6979444444444444 0.020804687500000085 0.03805092592592595
1 0.6180833333333333 0.6566203703703704 0.08223437499999993 0.3010648148148147
1 0.5478776041666666 0.5651435185185185 0.06553906250000002 0.2678842592592593
1 0.5212317708333333 0.5770925925925926 0.06438281250000001 0.3085231481481481
1 0.48001302083333336 0.5332407407407407 0.051393229166666644 0.3102499999999999
1 0.4409244791666667 0.3494212962962963 0.055078125 0.21332407407407405
1 0.5123046875 0.5248842592592593 0.05132812500000004 0.28371296296296306
