2 0.33541666666666664 0.8976851851851851 0.084375 0.20462962962962963
2 0.4747630208333333 0.29248148148148145 0.04301041666666663 0.17751851851851855
0 0.42754166666666665 0.19302777777777777 0.02376041666666661 0.039569444444444456
1 0.16707552083333335 0.5670462962962962 0.05564322916666668 0.2988981481481481
1 0.33505468749999995 0.3098564814814815 0.0643645833333333 0.2026527777777778
1 0.388140625 0.3627916666666667 0.04782291666666663 0.21762037037037035
1 0.40678906249999996 0.5662453703703704 0.053838541666666725 0.31440277777777786
1 0.5212317708333333 0.6357592592592592 0.06797395833333333 0.2502407407407407
1 0.5048385416666666 0.5694537037037037 0.058651041666666674 0.30263888888888885
1 0.46363541666666663 0.5183888888888889 0.06466406249999998 0.34381018518518525
1 0.49341145833333333 0.44968055555555553 0.025565104166666686 0.18179629629629626
1 0.6158229166666668 0.4349768518518518 0.0634609374999999 0.1801944444444444
