2 0.3672369791666667 0.9077916666666667 0.09040624999999997 0.18441666666666673
1 0.14459114583333335 0.6700833333333334 0.09152864583333334 0.3448981481481482
1 0.24033333333333334 0.5318240740740741 0.1145520833333333 0.25605555555555554
1 0.3461796875 0.5799907407407408 0.06569791666666672 0.3134537037037037
1 0.2744453125 0.3668611111111111 0.05418749999999998 0.22760648148148144
1 0.33017708333333334 0.2992314814814815 0.0494140625 0.19216666666666662
1 0.49301822916666665 0.49638888888888894 0.0825442708333334 0.23209722222222218
1 0.5810364583333333 0.4497175925925926 0.05362500000000002 0.23259722222222226
1 0.6158515625 0.48590277777777774 0.07496354166666658 0.24407407407407414
1 0.6755130208333333 0.4804166666666667 0.0690677083333334 0.20913425925925927
0 0.6913750000000001 0.43224999999999997 0.01880989583333322 0.03393981481481479
2 0.4698541666666667 0.2912453703703704 0.04239583333333338 0.17718981481481483
