2 0.37890625 0.8625 0.07760416666666667 0.275
2 0.4191796875 0.25910185185185186 0.03835937500000005 0.16982407407407404
1 0.37190104166666665 0.5574259259259259 0.046018229166666674 0.3074537037037037
1 0.35475520833333335 0.48310185185185184 0.06586718749999995 0.27109259259259255
1 0.35866666666666663 0.4363148148148148 0.08331250000000003 0.22457407407407404
1 0.09865104166666666 0.5496712962962963 0.12211197916666666 0.23419907407407403
1 0.12647395833333333 0.471337962962963 0.07970312500000001 0.2743009259259259
1 0.0791015625 0.43363888888888885 0.07338802083333332 0.23633796296296297
1 0.05639322916666667 0.32081944444444443 0.060453124999999996 0.2160185185185185
1 0.18737760416666666 0.3242962962962963 0.0541380208333333 0.2325925925925926
1 0.22001302083333335 0.23927777777777778 0.04301041666666669 0.18447222222222223
0 0.12948177083333334 0.3558425925925926 0.02135416666666668 0.03689351851851854
