2 0.37161458333333336 0.9069444444444444 0.0796875 0.18611111111111112
2 0.46814583333333337 0.290875 0.03879947916666673 0.18072685185185183
1 0.23550260416666668 0.7221111111111111 0.09865104166666665 0.36519907407407404
1 0.25219531249999994 0.5274814814814814 0.06827343749999999 0.2550509259259259
1 0.4195729166666667 0.3729537037037038 0.061356770833333366 0.23580092592592594
1 0.4192708333333333 0.3128009259259259 0.053536458333333314 0.19997685185185188
1 0.5216822916666666 0.526412037037037 0.07248437499999998 0.4036990740740741
1 0.5344661458333333 0.48818055555555556 0.09925260416666669 0.3539722222222222
1 0.5677005208333333 0.5288194444444444 0.07067968749999996 0.4074398148148149
1 0.5982291666666666 0.48310185185185184 0.060153645833333276 0.272162037037037
1 0.7004895833333333 0.45770370370370367 0.06255989583333323 0.23099074074074072
