1 0.0265625 0.34814814814814815 0.053125 0.23703703703703705
1 0.2859375 0.5652777777777778 0.09166666666666666 0.23981481481481481
1 0.5442708333333334 0.4726851851851852 0.078125 0.30648148148148147
1 0.5484375 0.42083333333333334 0.078125 0.22685185185185186
2 0.32578125 0.8814814814814815 0.06510416666666667 0.23703703703703705
2 0.50625 0.29259259259259257 0.029166666666666667 0.18703703703703703
0 0.5815104166666667 0.2513888888888889 0.0203125 0.03611111111111111
1 0.10260416666666666 0.6180555555555556 0.06666666666666667 0.31574074074074077
1 0.2515625 0.3800925925925926 0.05 0.23981481481481481
1 0.40338541666666666 0.6268518518518519 0.0921875 0.3351851851851852
1 0.46536458333333336 0.47962962962962963 0.0734375 0.2740740740740741
1 0.5322916666666667 0.5120370370370371 0.06458333333333334 0.37962962962962965
