2 0.45859375 0.9143518518518519 0.07552083333333333 0.1712962962962963
2 0.4800260416666667 0.2657453703703704 0.038497395833333316 0.17324074074074075
0 0.44333333333333336 0.1716388888888889 0.018648437500000035 0.03529166666666667
1 0.6723671875 0.4582361111111111 0.04541666666666657 0.28445833333333326
1 0.5076979166666666 0.35744444444444445 0.04691927083333335 0.21868981481481486
1 0.38453125 0.5405787037037038 0.06947656249999999 0.29943055555555553
1 0.4496484375 0.5625046296296297 0.07338802083333332 0.290875
1 0.4075416666666667 0.37696296296296294 0.03368489583333331 0.2801805555555556
1 0.3308463541666667 0.36974537037037036 0.0541380208333333 0.19623611111111117
1 0.14918229166666666 0.5772083333333333 0.06015364583333334 0.293550925925926
1 0.07038020833333333 0.3317824074074074 0.05353645833333334 0.2251064814814815
1 0.6065 0.5157407407407407 0.07786718750000006 0.2566342592592592
