2 0.4440104166666667 0.887962962962963 0.08385416666666666 0.22407407407407406
2 0.473578125 0.2777638888888889 0.03503385416666672 0.17961574074074074
1 0.48405729166666667 0.5096527777777777 0.06412500000000006 0.2874953703703703
1 0.3691015625 0.4229027777777778 0.06881510416666667 0.3853703703703704
1 0.32969010416666666 0.5291157407407407 0.09071093749999998 0.2630277777777777
1 0.344546875 0.4757314814814814 0.07038020833333339 0.27192592592592596
1 0.1883046875 0.5341203703703704 0.07444531250000003 0.3041805555555556
1 0.21629947916666667 0.365625 0.04723177083333337 0.24968518518518526
1 0.15957291666666668 0.2276527777777778 0.04622916666666666 0.1880972222222222
1 0.054385416666666665 0.6324166666666666 0.0672421875 0.3287361111111112
1 0.011494791666666667 0.3285138888888889 0.022989583333333334 0.21051388888888892
0 0.3375651041666667 0.505625 0.023484374999999957 0.041749999999999926
