2 0.44583333333333336 0.8828703703703704 0.065625 0.23425925925925925
2 0.4430807291666667 0.2644212962962963 0.0384739583333334 0.17405555555555557
1 0.44104687499999995 0.47851388888888885 0.051924479166666634 0.2819351851851852
1 0.3540885416666667 0.5788888888888889 0.059432291666666616 0.2791574074074074
1 0.3498645833333333 0.48018055555555555 0.06474999999999996 0.2730370370370371
1 0.22208854166666667 0.5121574074074075 0.09947135416666668 0.2591388888888889
0 0.24883072916666665 0.487412037037037 0.02033072916666665 0.03837037037037042
1 0.21817708333333333 0.347 0.04285416666666665 0.2346666666666667
1 0.14998697916666667 0.22688425925925929 0.04410416666666669 0.176837962962963
1 0.025390625 0.31875 0.05078125 0.22083333333333333
1 0.03409635416666667 0.5774953703703705 0.06819010416666667 0.29862037037037037
1 0.060057291666666665 0.5107638888888889 0.10072135416666667 0.29528240740740735
