1 0.0125 0.8180555555555555 0.025 0.3638888888888889
1 0.040364583333333336 0.7171296296296297 0.06822916666666666 0.3416666666666667
0 0.5111979166666667 0.7694444444444445 0.03177083333333333 0.05555555555555555
1 0.46041666666666664 0.850925925925926 0.12916666666666668 0.29814814814814816
1 0.46848958333333335 0.6828703703703703 0.1671875 0.3731481481481482
1 0.23020833333333332 0.5296296296296297 0.10208333333333333 0.2111111111111111
1 0.29609375 0.612037037037037 0.13697916666666668 0.3111111111111111
1 0.47994791666666664 0.47638888888888886 0.07864583333333333 0.25833333333333336
2 0.44895833333333335 0.25416666666666665 0.036458333333333336 0.2212962962962963
1 0.2703125 0.5578703703703703 0.075 0.28425925925925927
1 0.30703125 0.4847222222222222 0.06197916666666667 0.2212962962962963
1 0.40677083333333336 0.41574074074074074 0.08333333333333333 0.22037037037037038
2 0.19375 0.8462962962962963 0.13125 0.3074074074074074
