2 0.39348958333333334 0.874537037037037 0.07552083333333333 0.25092592592592594
1 0.07270572916666666 0.540162037037037 0.10897916666666667 0.25909259259259254
1 0.13711979166666666 0.45745833333333336 0.06798958333333331 0.2752870370370371
0 0.13419010416666666 0.3640601851851852 0.02179687500000001 0.043375000000000025
1 0.07644791666666667 0.4513888888888889 0.14313802083333332 0.2839583333333333
1 0.04814583333333333 0.31837037037037036 0.057906250000000006 0.22150000000000003
1 0.19014322916666665 0.3345648148148148 0.05888020833333331 0.22150000000000003
1 0.18038541666666666 0.24289814814814814 0.05888020833333331 0.178125
1 0.35117447916666666 0.4664259259259259 0.062135416666666644 0.2492592592592593
1 0.36613802083333336 0.5685 0.0426145833333333 0.30073148148148143
1 0.38760677083333334 0.4048333333333334 0.048471354166666696 0.18622222222222218
2 0.42062760416666667 0.2585138888888889 0.03838541666666669 0.1711851851851852
