2 0.37265625 0.906712962962963 0.0828125 0.1865740740740741
1 0.19605729166666666 0.7241620370370371 0.080859375 0.3729074074074074
1 0.2569557291666667 0.5310925925925927 0.07882812499999999 0.26584722222222223
1 0.4447265625 0.6300324074074074 0.09100781250000006 0.2856944444444444
1 0.38585677083333336 0.37651851851851853 0.042966145833333275 0.24058333333333326
1 0.42408854166666665 0.31426388888888884 0.0490572916666667 0.19668055555555553
2 0.46519531249999996 0.29200925925925925 0.03856770833333331 0.1822453703703704
0 0.5349531249999999 0.5533935185185185 0.020424479166666683 0.03738888888888899
1 0.5034791666666666 0.5851481481481482 0.07219270833333329 0.29471296296296295
1 0.5929192708333333 0.4696435185185185 0.05320833333333326 0.2604907407407408
1 0.6086953125 0.5388055555555555 0.07192447916666657 0.2790277777777779
1 0.7006744791666667 0.4817638888888888 0.05748697916666667 0.2381481481481482
