2 0.5197239583333334 0.2941342592592593 0.028927083333333374 0.18560185185185182
2 0.38385416666666666 0.8726851851851852 0.0796875 0.25462962962962965
1 0.3090598958333333 0.4108425925925926 0.04793749999999998 0.2550185185185185
1 0.5841354166666667 0.6000185185185185 0.08242708333333344 0.3325833333333334
1 0.5436328125000001 0.5640509259259259 0.10854947916666664 0.3003472222222222
1 0.5018541666666666 0.570787037037037 0.06292187499999997 0.3020694444444445
1 0.45496614583333334 0.4968564814814815 0.10080208333333332 0.2701342592592592
1 0.501234375 0.5270787037037037 0.09851302083333338 0.29124537037037046
1 0.4777005208333333 0.35612037037037036 0.053591145833333326 0.18303240740740737
0 0.6033984375 0.37227314814814816 0.022854166666666724 0.04131481481481482
1 0.1013828125 0.6835231481481482 0.06616927083333334 0.3426527777777778
1 0.07751041666666666 0.3451574074074074 0.04185677083333334 0.24273148148148146
