0 0.4110859375 0.13315740740740742 0.01953906250000005 0.03176851851851852
2 0.50753125 0.27552314814814816 0.037742187499999955 0.15201388888888892
1 0.57375 0.4564814814814815 0.050937500000000094 0.250287037037037
1 0.5837682291666667 0.3506388888888889 0.05194010416666662 0.1971435185185185
1 0.49366927083333334 0.42516203703703703 0.0938567708333333 0.22030092592592598
1 0.3936328125 0.44401388888888893 0.09753125 0.24137962962962958
1 0.3310885416666667 0.5492638888888889 0.07064322916666667 0.2915555555555555
1 0.25719010416666666 0.5932037037037037 0.10087239583333336 0.3188703703703703
1 0.1371953125 0.3766157407407407 0.06363020833333333 0.2306898148148148
1 0.04809895833333333 0.31975925925925924 0.052106770833333343 0.2096111111111111
1 0.028390625 0.5013148148148148 0.05611458333333333 0.26216203703703705
2 0.39401041666666664 0.9365740740740741 0.07864583333333333 0.12685185185185185
