2 0.41692708333333334 0.9217592592592593 0.08072916666666667 0.15648148148148147
2 0.48561979166666663 0.2897222222222222 0.0384739583333334 0.17794907407407404
0 0.6499140625000001 0.394875 0.018294270833333334 0.031203703703703747
1 0.5732786458333333 0.48321296296296296 0.10382812499999995 0.2518240740740741
1 0.5268046875 0.3770787037037037 0.060320312499999966 0.16700462962962964
1 0.5165442708333334 0.4144351851851852 0.06847656250000002 0.17051851851851849
1 0.6185182291666667 0.436625 0.059330729166666644 0.17359722222222224
1 0.27032291666666663 0.5792407407407408 0.09913020833333333 0.31203240740740745
1 0.1163125 0.6086851851851852 0.06452083333333333 0.34191666666666665
1 0.08986197916666666 0.5317731481481482 0.05710416666666666 0.29093981481481473
1 0.16983333333333334 0.4019074074074074 0.0687239583333333 0.25094444444444436
1 0.17490104166666667 0.3045601851851852 0.06155468750000003 0.19600925925925924
