1 0.10807291666666667 0.6439814814814815 0.059895833333333336 0.32685185185185184
0 0.5487864583333334 0.31960185185185186 0.02419270833333324 0.033120370370370356
2 0.5305703125 0.30378240740740736 0.03948697916666664 0.18439814814814812
2 0.38842187499999997 0.8737268518518518 0.07711718750000003 0.25254166666666655
1 0.29431250000000003 0.4031620370370371 0.04836197916666667 0.2548333333333334
1 0.05894270833333333 0.34456018518518516 0.04338802083333333 0.24086574074074074
1 0.46806510416666663 0.47008796296296296 0.05280208333333339 0.28380092592592593
1 0.5198437499999999 0.5217546296296296 0.06794791666666662 0.33328240740740733
1 0.5110442708333334 0.544675925925926 0.08145572916666671 0.38931481481481484
1 0.5513619791666666 0.5264861111111111 0.07613541666666664 0.3252777777777777
1 0.5152604166666667 0.4114675925925926 0.0388411458333333 0.0878425925925926
1 0.5468489583333334 0.42654166666666665 0.0843203125 0.2150185185185185
