1 0.045572916666666664 0.7972222222222223 0.07760416666666667 0.38333333333333336
0 0.5736979166666667 0.7347222222222223 0.0234375 0.03981481481481482
1 0.46067708333333335 0.8523148148148149 0.0796875 0.2953703703703704
2 0.46484375 0.2587962962962963 0.03802083333333333 0.21574074074074073
2 0.16822916666666668 0.8453703703703703 0.078125 0.30925925925925923
1 0.22760416666666666 0.3425925925925926 0.0625 0.17222222222222222
1 0.24583333333333332 0.5032407407407408 0.06875 0.27314814814814814
1 0.3177083333333333 0.5712962962962963 0.09166666666666666 0.3055555555555556
1 0.50546875 0.7138888888888889 0.12760416666666666 0.32592592592592595
1 0.4153645833333333 0.5273148148148148 0.0859375 0.21388888888888888
1 0.39088541666666665 0.44814814814814813 0.06614583333333333 0.22592592592592592
1 0.54375 0.5745370370370371 0.06770833333333333 0.2675925925925926
