1 0.07645572916666667 0.3074953703703704 0.05666406250000001 0.2683194444444445
1 0.15045572916666666 0.615587962962963 0.07820052083333333 0.30028703703703696
2 0.4498046875 0.9070555555555556 0.08195312499999995 0.18588888888888888
2 0.4842135416666667 0.26775462962962965 0.0400390625 0.17405555555555557
1 0.37144791666666666 0.36506944444444445 0.05411458333333338 0.18628703703703708
1 0.47201302083333335 0.5549768518518519 0.07882552083333334 0.295837962962963
1 0.6121484375 0.5163287037037037 0.07257031250000003 0.2652546296296296
1 0.39725520833333333 0.5399583333333333 0.08695833333333335 0.29250000000000004
1 0.4210286458333333 0.4334722222222222 0.08257812499999997 0.22521759259259255
1 0.6811197916666667 0.47851388888888885 0.04785937499999993 0.24968518518518526
1 0.5081432291666667 0.35756481481481484 0.04035156249999995 0.20463888888888887
