2 0.19791666666666666 0.8458333333333333 0.13125 0.30833333333333335
1 0.16041666666666668 0.6236111111111111 0.10520833333333333 0.30092592592592593
1 0.02734375 0.5726851851851852 0.0546875 0.24166666666666667
1 0.05911458333333333 0.5046296296296297 0.050520833333333334 0.19074074074074074
1 0.11536458333333334 0.4842592592592593 0.0859375 0.2814814814814815
1 0.3580729166666667 0.5092592592592593 0.07864583333333333 0.26296296296296295
1 0.41458333333333336 0.5912037037037037 0.09375 0.33796296296296297
1 0.4703125 0.6824074074074075 0.17291666666666666 0.362962962962963
1 0.49947916666666664 0.49398148148148147 0.03958333333333333 0.2601851851851852
1 0.45729166666666665 0.4263888888888889 0.05625 0.22685185185185186
2 0.4075520833333333 0.2388888888888889 0.03177083333333333 0.2074074074074074
0 0.40286458333333336 0.7476851851851852 0.0296875 0.05462962962962963
1 0.43671875 0.8351851851851851 0.09739583333333333 0.3296296296296296
