2 0.36041666666666666 0.9027777777777778 0.08125 0.19444444444444445
1 0.1995598958333333 0.5531481481481482 0.04842447916666668 0.2871342592592593
1 0.4358125 0.591375 0.060153645833333276 0.31547222222222226
1 0.3655833333333333 0.30852314814814813 0.04301041666666663 0.207462962962963
1 0.4007734375 0.36439814814814814 0.040604166666666684 0.23259259259259252
2 0.47671874999999997 0.29194444444444445 0.04571614583333338 0.17751851851851855
1 0.5484505208333333 0.565712962962963 0.08391406249999994 0.3635972222222222
1 0.6619921875 0.4264212962962963 0.04511458333333328 0.22938425925925926
1 0.5242395833333333 0.47855555555555557 0.06797395833333339 0.39995370370370376
1 0.5177734375 0.47641666666666665 0.05444010416666671 0.2587962962962963
0 0.5394270833333333 0.2587962962962963 0.021955729166666712 0.02780555555555553
