2 0.34036458333333336 0.8856481481481482 0.08489583333333334 0.22870370370370371
2 0.47535677083333333 0.2830509259259259 0.06896354166666671 0.18452777777777774
0 0.5273723958333333 0.4001851851851852 0.024192708333333358 0.043999999999999984
1 0.5471171874999999 0.6053425925925926 0.08592708333333335 0.35643518518518524
1 0.47147916666666667 0.5907592592592592 0.06145572916666661 0.36384722222222216
1 0.37888020833333336 0.5910046296296296 0.10205468749999996 0.3297361111111111
1 0.442421875 0.5492314814814815 0.0672942708333333 0.3055138888888888
1 0.12221614583333333 0.6992731481481482 0.07090885416666669 0.35841203703703706
1 0.15641927083333332 0.4011712962962963 0.05645052083333333 0.25360648148148146
1 0.16726302083333333 0.3275138888888889 0.05255729166666665 0.23284259259259263
1 0.15461197916666666 0.23605555555555555 0.05283593749999998 0.19428240740740738
1 0.0038932291666666664 0.39746296296296296 0.007786458333333333 0.1453425925925926
