1 0.07239583333333334 0.5305555555555556 0.075 0.2851851851851852
1 0.07864583333333333 0.3398148148148148 0.08854166666666667 0.20555555555555555
1 0.12425520833333333 0.40323148148148147 0.05594270833333332 0.25574074074074077
1 0.14499739583333332 0.595037037037037 0.07611458333333333 0.33354629629629634
1 0.2983645833333333 0.5693287037037037 0.10655989583333335 0.3037777777777777
1 0.493640625 0.47034259259259265 0.14783593750000007 0.25761574074074073
1 0.4656458333333333 0.3786157407407407 0.08453124999999997 0.1873564814814815
1 0.5203541666666667 0.4143981481481482 0.05122916666666662 0.21858333333333338
2 0.3860572916666667 0.9326111111111112 0.08270052083333337 0.13477777777777772
2 0.513765625 0.27908333333333335 0.03805729166666663 0.15352777777777782
0 0.5601432291666666 0.366587962962963 0.01687760416666677 0.030004629629629603
1 0.5444557291666666 0.3767314814814815 0.031138020833333318 0.15931481481481477
