2 0.35651041666666666 0.8865740740740741 0.07760416666666667 0.22685185185185186
2 0.484875 0.28425 0.060182291666666644 0.17523611111111112
0 0.49626302083333335 0.37418055555555557 0.02504947916666668 0.045111111111111137
1 0.5242395833333333 0.5797777777777777 0.09531510416666672 0.35451851851851846
1 0.4710494791666667 0.5829583333333334 0.06310937500000004 0.3759166666666667
1 0.3988307291666667 0.5887407407407408 0.07417187500000004 0.3377453703703704
1 0.4547838541666666 0.5612685185185184 0.06636458333333337 0.30478240740740736
1 0.12508333333333332 0.6977546296296296 0.060833333333333336 0.3556712962962963
1 0.1589140625 0.40454166666666663 0.06278385416666667 0.24231944444444437
1 0.19014322916666665 0.34526388888888887 0.047169270833333304 0.2533101851851852
1 0.161515625 0.24058333333333332 0.048471354166666696 0.19663425925925926
1 0.007971354166666667 0.31461111111111106 0.01594010416666667 0.09600462962962958
