2 0.4518229166666667 0.8856481481481482 0.08697916666666666 0.22870370370370371
1 0.4628697916666667 0.496875 0.06297916666666671 0.28978240740740735
2 0.45484375 0.26929166666666665 0.03869270833333331 0.17416203703703706
1 0.33852864583333336 0.5828564814814815 0.08452604166666665 0.26785648148148156
1 0.2852760416666667 0.5253796296296296 0.07607291666666664 0.26860648148148153
0 0.31084635416666667 0.4571944444444444 0.022822916666666634 0.03906944444444444
1 0.34634635416666665 0.47898148148148145 0.06931249999999996 0.26221759259259253
1 0.2140625 0.3469351851851852 0.043953124999999996 0.23629629629629625
1 0.14908333333333335 0.22765740740740742 0.04332031249999999 0.1825787037037037
1 0.0959375 0.5283842592592592 0.078609375 0.3076759259259259
1 0.03771875 0.6001388888888889 0.07290364583333334 0.3136851851851852
1 0.014158854166666667 0.3262731481481482 0.028315104166666667 0.23028703703703707
