1 0.08489583333333334 0.3138888888888889 0.053125 0.24814814814814815
1 0.16119791666666666 0.6583333333333333 0.09114583333333333 0.3037037037037037
2 0.4452734375 0.9025231481481482 0.07987239583333335 0.19495370370370366
2 0.4857369791666667 0.26741203703703703 0.039760416666666624 0.17326851851851852
1 0.6912213541666666 0.49697685185185186 0.06016666666666666 0.2195601851851852
0 0.6819010416666667 0.4034861111111111 0.007721354166666572 0.030342592592592577
1 0.6190130208333334 0.5445462962962964 0.047343750000000046 0.2915092592592592
1 0.5063463541666666 0.5649537037037037 0.08086979166666666 0.2875324074074075
1 0.4250703125 0.5335277777777778 0.07396093750000006 0.2896990740740741
1 0.5126432291666666 0.35941666666666666 0.041450520833333296 0.20589814814814816
1 0.4351276041666667 0.43689814814814815 0.1066744791666667 0.214925925925926
1 0.4054609375 0.3709768518518518 0.0700989583333333 0.16977314814814817
