1 0.016666666666666666 0.3925925925925926 0.03333333333333333 0.23148148148148148
1 0.58671875 0.5856481481481481 0.059895833333333336 0.2916666666666667
1 0.565625 0.587037037037037 0.05416666666666667 0.35
0 0.5986979166666667 0.5504629629629629 0.019270833333333334 0.032407407407407406
1 0.5223958333333333 0.6569444444444444 0.10729166666666666 0.33240740740740743
1 0.37786458333333334 0.5828703703703704 0.06927083333333334 0.33425925925925926
1 0.2203125 0.4263888888888889 0.075 0.25092592592592594
1 0.10703125 0.7152777777777778 0.07552083333333333 0.3416666666666667
1 0.31171875 0.7824074074074074 0.0828125 0.37962962962962965
2 0.16614583333333333 0.8944444444444445 0.07395833333333333 0.2111111111111111
2 0.47421875 0.28055555555555556 0.04114583333333333 0.17592592592592593
1 0.290625 0.48703703703703705 0.109375 0.25
