1 0.020549479166666666 0.48782870370370374 0.04109635416666667 0.21765740740740736
1 0.060359375 0.3207777777777778 0.04452083333333333 0.23363888888888892
0 0.05053645833333333 0.21010185185185185 0.017111979166666662 0.02947222222222221
1 0.14705989583333334 0.3828888888888889 0.07647135416666667 0.20012037037037042
2 0.45561979166666666 0.9347037037037037 0.07860937500000004 0.13059259259259257
1 0.31390625 0.5922824074074073 0.09625781250000003 0.33559259259259266
1 0.369921875 0.5461712962962963 0.07353125000000003 0.2890092592592593
1 0.34893229166666667 0.45870833333333333 0.042781250000000055 0.22341203703703705
1 0.48690364583333334 0.3983379629629629 0.0684505208333333 0.22056018518518522
1 0.6001380208333333 0.4798611111111111 0.05481249999999989 0.26666666666666666
1 0.6560208333333333 0.43518055555555557 0.061765625000000074 0.22293518518518518
2 0.49037760416666665 0.28164351851851854 0.04759374999999994 0.17730555555555558
