2 0.3619791666666667 0.8851851851851852 0.08645833333333333 0.22962962962962963
2 0.4989921875 0.2876435185185185 0.039799479166666644 0.18238425925925927
0 0.5181510416666667 0.21358796296296298 0.023731770833333363 0.04306944444444443
1 0.4952838541666667 0.5708888888888889 0.07292708333333332 0.3085185185185186
1 0.45622656250000004 0.5550694444444445 0.07045572916666672 0.2672083333333334
1 0.4396614583333333 0.5849537037037037 0.07638802083333332 0.2839074074074074
1 0.38403906250000003 0.5592407407407407 0.0773776041666667 0.3247777777777778
1 0.2525234375 0.43069444444444444 0.06353385416666664 0.28126851851851853
1 0.20567708333333332 0.40125 0.055869791666666654 0.25665740740740745
1 0.17972135416666665 0.24896759259259257 0.048947916666666674 0.20172222222222225
1 0.10481770833333333 0.6919675925925927 0.06328645833333332 0.3423564814814814
1 0.005513020833333334 0.3186666666666667 0.011026041666666668 0.09975925925925927
