2 0.18186979166666667 0.8520046296296296 0.0782239583333333 0.29599074074074083
2 0.3698020833333333 0.22696759259259258 0.04038802083333337 0.20774074074074075
1 0.46147656249999996 0.8599583333333334 0.11048177083333334 0.28008333333333335
0 0.4219427083333333 0.8106203703703704 0.03141406250000003 0.05375925925925921
1 0.0650390625 0.43100925925925926 0.06847656250000002 0.18974074074074077
1 0.1002265625 0.4459722222222222 0.08624479166666668 0.22387500000000002
1 0.15460416666666665 0.5030787037037038 0.07842708333333336 0.2875555555555555
1 0.23729427083333335 0.5673472222222222 0.05662760416666668 0.32256481481481486
1 0.4943046875 0.6823055555555555 0.18796093750000006 0.35744907407407417
1 0.5443411458333334 0.5831990740740741 0.08498177083333332 0.29976851851851855
1 0.5449088541666666 0.5295555555555556 0.08796875000000005 0.25770370370370366
1 0.40795312499999997 0.4465277777777778 0.07237500000000002 0.23213425925925923
1 0.4139427083333333 0.42370833333333335 0.09129427083333337 0.21431018518518516
