2 0.40260416666666665 0.8777777777777778 0.090625 0.24444444444444444
2 0.4845833333333333 0.26367129629629626 0.035343749999999945 0.16447685185185185
1 0.6890234375 0.5649305555555556 0.05141927083333329 0.25869907407407405
0 0.7126744791666667 0.5317916666666667 0.01902604166666677 0.03245370370370366
1 0.5976250000000001 0.5928101851851852 0.06967447916666672 0.3062314814814815
1 0.556359375 0.5615 0.04010677083333339 0.26281018518518523
1 0.4970989583333333 0.4952268518518519 0.06504687500000005 0.2682962962962963
1 0.36160937499999996 0.39741666666666664 0.06710156250000002 0.2216759259259259
1 0.46637500000000004 0.5320231481481482 0.058617187500000036 0.3062314814814815
1 0.4715182291666667 0.3501111111111111 0.05964583333333332 0.19196759259259263
1 0.08111718750000001 0.32702314814814815 0.03749479166666667 0.23297685185185185
1 0.12455208333333333 0.698925925925926 0.09466666666666666 0.3458333333333333
