2 0.39036458333333335 0.8944444444444445 0.08177083333333333 0.2111111111111111
2 0.49838541666666664 0.2877222222222222 0.038822916666666644 0.179625
0 0.4190703125 0.14511574074074074 0.02468229166666672 0.04707870370370368
1 0.49915625 0.5448194444444444 0.06401822916666665 0.2943472222222222
1 0.392203125 0.5441342592592592 0.07995833333333333 0.30303240740740744
1 0.387703125 0.48562962962962963 0.05501822916666666 0.24635648148148154
1 0.32214322916666666 0.5034537037037037 0.06992968750000005 0.2948055555555555
1 0.3256145833333333 0.527449074074074 0.06196093749999996 0.34462499999999996
1 0.0857421875 0.6935925925925926 0.070703125 0.35056944444444443
1 0.21172135416666665 0.38713425925925926 0.04550520833333334 0.2513842592592592
1 0.18202604166666667 0.24978703703703703 0.043192708333333364 0.20156481481481484
