2 0.2035546875 0.8576898148148148 0.10745052083333331 0.28462037037037047
2 0.4118203125 0.23249999999999998 0.03767187499999996 0.17275462962962962
1 0.43622135416666663 0.70625 0.05650781250000006 0.3379027777777777
1 0.6810859375 0.6955925925925927 0.0744869791666666 0.3379027777777777
0 0.650265625 0.5974212962962964 0.026317708333333436 0.04524537037037038
1 0.33431510416666665 0.46991666666666665 0.061888020833333356 0.28071759259259255
1 0.2803802083333334 0.428787037037037 0.07432552083333333 0.2467824074074074
1 0.15414322916666665 0.5575787037037037 0.07345572916666665 0.3233888888888889
1 0.08502604166666666 0.7323842592592593 0.06535937500000001 0.35115277777777787
1 0.047718750000000004 0.3532083333333333 0.08849479166666666 0.21182407407407405
1 0.07302343750000001 0.20488425925925924 0.052346354166666664 0.17326388888888886
1 0.03137760416666666 0.21799074074074073 0.043669270833333336 0.19948611111111114
