2 0.37395833333333334 0.9074074074074074 0.08125 0.18518518518518517
2 0.4648567708333333 0.29020833333333335 0.037893229166666605 0.18224537037037034
1 0.19250520833333334 0.7229583333333333 0.07510677083333335 0.37411111111111106
1 0.27539583333333334 0.5335 0.11503125000000004 0.26223611111111106
1 0.35862239583333333 0.38102777777777774 0.06563541666666665 0.23156481481481478
1 0.42307291666666663 0.6050740740740741 0.0619140625 0.30434259259259266
1 0.4124166666666667 0.3199768518518518 0.06495833333333335 0.1840462962962963
1 0.49496614583333337 0.5888333333333334 0.1055572916666667 0.2875
0 0.552609375 0.5256805555555556 0.02080729166666657 0.0362361111111111
1 0.6912135416666667 0.49926851851851856 0.0752291666666667 0.20211111111111107
1 0.6132395833333334 0.5176759259259259 0.06339583333333323 0.2524537037037036
1 0.5977057291666666 0.46865277777777775 0.0382473958333333 0.259587962962963
