2 0.37265625 0.9060185185185186 0.08177083333333333 0.18796296296296297
2 0.4692109375 0.28954166666666664 0.043932291666666616 0.18083333333333337
0 0.5509401041666667 0.21214351851851854 0.024539062499999886 0.04292129629629631
1 0.35490104166666664 0.6213101851851852 0.08458072916666666 0.3139629629629629
1 0.2358125 0.5455277777777777 0.03518489583333337 0.3019351851851851
1 0.41123177083333334 0.36689351851851854 0.05379427083333337 0.2321666666666667
1 0.396515625 0.3067453703703704 0.039921875000000044 0.20810648148148148
1 0.5636458333333334 0.652587962962963 0.0737552083333334 0.2862962962962963
1 0.5364114583333334 0.6026666666666667 0.07206250000000007 0.29351388888888896
1 0.5981562500000001 0.5933425925925926 0.050747395833333306 0.2917083333333334
1 0.5658463541666666 0.4330555555555555 0.05650000000000001 0.18525000000000005
1 0.6967760416666666 0.45139814814814816 0.040260416666666764 0.2411851851851852
