2 0.2828125 0.8935185185185185 0.065625 0.21296296296296297
2 0.48333333333333334 0.28564814814814815 0.051041666666666666 0.17314814814814813
1 0.018229166666666668 0.3458333333333333 0.036458333333333336 0.24166666666666667
1 0.132390625 0.6338611111111112 0.08882031249999998 0.29934722222222226
1 0.211109375 0.612162037037037 0.09387239583333334 0.2753981481481482
1 0.22205208333333332 0.3955092592592592 0.05767187500000001 0.23872685185185188
1 0.5417682291666667 0.5354537037037037 0.07914062499999996 0.2566898148148148
1 0.4923046875 0.4273148148148148 0.05935416666666669 0.2245092592592593
1 0.5186145833333333 0.5257268518518519 0.07577083333333334 0.3539768518518519
1 0.41590364583333334 0.49840740740740735 0.0867161458333334 0.26342592592592595
1 0.4220052083333333 0.6207685185185184 0.1182890625 0.3240416666666666
0 0.578703125 0.45893055555555556 0.020934895833333418 0.03468518518518522
