1 0.5567708333333333 0.5486111111111112 0.06666666666666667 0.25277777777777777
1 0.3255208333333333 0.47685185185185186 0.0875 0.2462962962962963
1 0.2625 0.7532407407407408 0.1 0.36944444444444446
1 0.015625 0.31203703703703706 0.03125 0.12407407407407407
2 0.17838541666666666 0.8958333333333334 0.0671875 0.20833333333333334
2 0.4747395833333333 0.2800925925925926 0.03697916666666667 0.1787037037037037
1 0.11302083333333333 0.7083333333333334 0.10416666666666667 0.34814814814814815
1 0.5401041666666667 0.6 0.08645833333333333 0.2962962962962963
1 0.5049479166666667 0.6518518518518519 0.08489583333333334 0.32407407407407407
1 0.3796875 0.5773148148148148 0.06770833333333333 0.3138888888888889
1 0.20729166666666668 0.42777777777777776 0.059375 0.24444444444444444
