2 0.23884635416666666 0.8594259259259259 0.07888802083333335 0.28114814814814826
1 0.09732291666666668 0.7336481481481482 0.050346354166666676 0.34956018518518506
2 0.4303984375 0.24740277777777778 0.03577083333333337 0.17722685185185183
1 0.45473958333333336 0.7100324074074075 0.09079947916666668 0.33789351851851845
1 0.6612083333333333 0.6966712962962963 0.06264843749999992 0.34278703703703706
0 0.6516848958333333 0.6686388888888889 0.025398437499999933 0.04590740740740734
1 0.34742968750000003 0.48727777777777775 0.07259635416666667 0.28596759259259263
1 0.2454140625 0.42838888888888893 0.0755598958333333 0.23216203703703706
1 0.21186718750000003 0.5706203703703704 0.10921354166666664 0.33149999999999996
1 0.025080729166666666 0.3461712962962963 0.05016145833333333 0.22726851851851854
1 0.05936979166666667 0.23235185185185184 0.06074479166666667 0.20732870370370368
1 0.08497916666666666 0.21203240740740742 0.052703124999999997 0.17797685185185189
