1 0.034375 0.5078703703703704 0.065625 0.19166666666666668
1 0.12526041666666668 0.48055555555555557 0.07552083333333333 0.26481481481481484
1 0.09635416666666667 0.5013888888888889 0.071875 0.21944444444444444
1 0.16744791666666667 0.587037037037037 0.09322916666666667 0.28888888888888886
2 0.20651041666666667 0.8472222222222222 0.14322916666666666 0.3055555555555556
2 0.3971354166666667 0.23796296296296296 0.033854166666666664 0.2111111111111111
1 0.44375 0.8546296296296296 0.10625 0.29074074074074074
0 0.4036458333333333 0.763425925925926 0.029166666666666667 0.05462962962962963
1 0.4783854166666667 0.6842592592592592 0.18072916666666666 0.3537037037037037
1 0.43723958333333335 0.5935185185185186 0.09322916666666667 0.32592592592592595
1 0.4830729166666667 0.48842592592592593 0.043229166666666666 0.26944444444444443
1 0.46510416666666665 0.4263888888888889 0.06875 0.21944444444444444
1 0.4078125 0.5111111111111111 0.053125 0.2537037037037037
