2 0.37265625 0.9074074074074074 0.08177083333333333 0.18518518518518517
2 0.46637500000000004 0.28971296296296295 0.03679687500000005 0.18040740740740743
1 0.224421875 0.7293009259259259 0.0950494791666667 0.36376851851851844
1 0.25033072916666665 0.5494675925925926 0.056434895833333346 0.2869074074074075
1 0.41287239583333335 0.3757962962962963 0.05940624999999997 0.2329305555555556
1 0.4193072916666667 0.31243055555555554 0.05313541666666666 0.19772685185185182
1 0.48927343749999996 0.5083981481481482 0.10528124999999994 0.4054259259259259
1 0.5320130208333333 0.5139722222222223 0.09240885416666664 0.3461666666666666
0 0.5580859375 0.35467592592592595 0.025742187500000093 0.041657407407407414
1 0.5721119791666667 0.5471203703703703 0.0960390625 0.3514490740740741
1 0.6004947916666666 0.4831666666666667 0.06369531250000003 0.2775231481481482
1 0.7016510416666667 0.46145833333333336 0.05742447916666672 0.23175462962962964
