1 0.06301041666666667 0.34487962962962965 0.043010416666666676 0.20425462962962965
1 0.13203645833333333 0.5232037037037036 0.08180989583333334 0.22938425925925932
1 0.2842265625 0.3708148148148148 0.10526822916666667 0.20906944444444445
1 0.43025 0.5531481481481482 0.06346093750000001 0.2978287037037037
1 0.4057369791666667 0.37348611111111113 0.06556770833333339 0.1973055555555556
1 0.3604713541666667 0.5520787037037037 0.089328125 0.30959259259259253
2 0.47701822916666664 0.26735185185185184 0.04150520833333336 0.16789351851851853
1 0.50634375 0.37054629629629626 0.05022916666666669 0.23099074074074072
1 0.5998828125000001 0.4935277777777778 0.062257812499999926 0.2577268518518519
1 0.6677057291666666 0.4462083333333333 0.042708333333333334 0.27002314814814815
0 0.30934114583333333 0.12538888888888888 0.021354166666666667 0.03582407407407407
2 0.46979947916666664 0.9256203703703704 0.0691770833333333 0.14875925925925934
