0 0.17901302083333331 0.13286111111111112 0.018984375000000022 0.029949074074074086
1 0.07299479166666667 0.3313148148148148 0.06096354166666667 0.22816666666666663
1 0.10200520833333332 0.4929351851851852 0.09759374999999998 0.22341203703703705
1 0.23329166666666667 0.36316203703703703 0.04572135416666665 0.22436111111111118
1 0.41551041666666666 0.5535416666666667 0.07593749999999998 0.29233796296296294
1 0.3754036458333333 0.4401712962962963 0.05187239583333335 0.2604907407407407
1 0.3483984375 0.5718425925925926 0.08449218749999995 0.3156296296296296
1 0.5024114583333333 0.3750462962962963 0.05347656249999998 0.22531481481481486
2 0.47941666666666666 0.2688101851851852 0.037968750000000044 0.16875
1 0.66096875 0.45799537037037036 0.04278124999999993 0.24385185185185193
1 0.5984010416666667 0.479625 0.05989322916666661 0.26238888888888884
2 0.46925520833333334 0.9263842592592593 0.07593749999999998 0.14723148148148146
